1		0		16219		
1		0		16222		
1		0		19666		
1		0		19667		
1		0		20089		
1		0		20658		
1		0		20659		
1		0		20660		
1		0		20661		
1		0		20662		
1		0		20664		
1		0		20665		
1		0		20666		
1		0		20667		
1		0		20668		
1		0		20669		
1		0		20670		
1		0		20671		
1		0		21160		
1		0		21161		
1		0		21703		
1		0		21704		
1		0		21705		
1		0		21706		
1		0		21707		
1		0		22125		
1		0		22129		
1		0		22507		
1		0		22508		
1		0		22509		
1		0		22510		
1		0		22511		
1		0		22512		
1		0		22513		
1		0		22514		
1		0		22515		
1		0		22946		
1		0		22948		
1		0		23314		
1		0		23315		
1		0		23316		
1		0		23317		
1		0		23318		
1		0		23329		
1		0		23330		
1		0		23336		
1		0		23423		
1		0		23424		
1		0		23425		
1		0		23426		
1		0		23945		
1		0		23946		
1		0		23947		
1		0		23948		
1		0		23949		
1		0		23950		
1		0		23951		
1		0		23952		
1		0		23953		
1		0		23954		
1		0		23956		
1		0		23957		
1		0		23958		
1		0		23959		
1		0		23961		
1		0		23962		
1		0		23966		
1		0		24318		
1		0		24319		
1		0		24320		
1		0		24366		
1		0		24372		
1		0		24373		
1		0		24374		
1		0		24379		
1		0		24381		
1		0		24397		
1		0		24398		
1		0		24399		
1		0		24486		
1		0		24487		
1		0		24488		
1		0		24489		
1		0		24490		
1		0		24491		
1		0		24493		
1		0		24494		
1		0		24495		
1		0		24497		
1		0		24498		
1		0		24501		
1		0		24503		
1		0		24505		
1		0		24506		
1		0		24507		
1		0		24508		
1		0		24509		
1		0		24510		
1		0		24511		
1		0		24512		
1		0		24513		
1		0		24514		
1		0		24913		
1		0		24914		
1		0		24915		
1		0		24916		
1		0		24917		
1		0		24918		
1		0		24919		
1		0		24920		
1		0		24921		
1		0		24935		
1		0		25253		
1		0		25254		
1		0		25275		
1		0		25278		
1		0		25279		
1		0		25280		
1		0		25283		
1		0		25286		
1		0		25287		
1		0		25415		
1		0		25416		
1		0		25420		
1		0		25421		
1		0		25422		
1		0		25423		
1		0		25424		
1		0		25425		
1		0		25426		
1		0		25427		
1		0		25428		
1		0		25429		
1		0		25430		
1		0		25431		
1		0		25432		
1		0		25433		
1		0		25434		
1		0		25435		
1		0		25436		
1		0		25437		
1		0		25841		
1		0		25842		
1		0		25843		
1		0		25844		
1		0		25845		
1		0		25846		
1		0		25847		
1		0		25848		
1		0		25849		
1		0		25850		
1		0		25851		
1		0		25852		
1		0		25853		
1		0		25854		
1		0		25855		
1		0		25856		
1		0		25857		
1		0		25858		
1		0		25859		
1		0		25860		
1		0		25861		
1		0		25862		
1		0		25863		
1		0		25864		
1		0		25865		
1		0		25866		
1		0		25867		
1		0		25868		
1		0		25869		
1		0		25870		
1		0		25871		
1		0		25872		
1		0		25873		
1		0		25874		
1		0		25875		
1		0		25876		
1		0		25877		
1		0		25878		
1		0		25879		
1		0		25880		
1		0		25881		
1		0		25882		
1		0		25883		
1		0		25884		
1		0		25885		
1		0		25886		
1		0		25887		
1		0		25888		
1		0		25889		
1		0		25890		
1		0		25891		
1		0		25892		
1		0		25893		
1		0		25894		
1		0		25895		
1		0		25896		
1		0		25897		
1		0		25898		
1		0		25899		
1		0		25900		
1		0		25901		
1		0		25902		
1		0		25903		
1		0		25904		
1		0		25905		
1		0		25906		
1		0		25907		
1		0		25908		
1		0		25909		
1		0		25910		
1		0		25911		
1		0		25912		
1		0		25913		
1		0		25914		
1		0		25915		
1		0		25916		
1		0		25917		
1		0		25918		
1		0		25919		
1		0		25920		
1		0		25921		
1		0		25922		
1		0		25923		
1		0		26280		
1		0		26281		
1		0		26285		
1		0		26288		
1		0		26289		
1		0		26293		
1		0		26295		
1		0		26296		
1		0		26297		
1		0		26298		
1		0		26299		
1		0		26300		
1		0		26301		
1		0		26314		
1		0		26316		
1		0		26317		
1		0		26318		
1		0		26319		
1		0		26320		
1		0		26321		
1		0		26323		
1		0		26334		
1		0		26335		
1		0		26336		
1		0		26337		
1		0		26338		
1		0		26339		
1		0		26340		
1		0		26341		
1		0		26342		
1		0		26343		
1		0		26344		
1		0		26345		
1		0		26346		
1		0		26347		
1		0		26348		
1		0		26349		
1		0		26350		
1		0		26351		
1		0		26352		
1		0		26353		
1		0		26354		
1		0		26453		
1		0		26454		
1		0		26680		
1		0		26681		
1		0		26683		
1		0		26684		
1		0		26685		
1		0		26686		
1		0		26687		
1		0		26688		
1		0		26689		
1		0		26690		
1		0		26691		
1		0		26692		
1		0		26694		
1		0		26695		
1		0		26696		
1		0		26697		
1		0		26698		
1		0		26699		
1		0		26702		
1		0		26703		
1		0		26704		
1		0		26705		
1		0		26706		
1		0		26707		
1		0		26708		
1		0		26709		
1		0		26710		
1		0		26711		
1		0		26712		
1		0		26713		
1		0		26715		
1		0		26716		
1		0		26717		
1		0		26718		
1		0		26719		
1		0		26720		
1		0		26721		
1		0		26722		
1		0		26723		
1		0		26724		
1		0		26725		
1		0		26726		
1		0		26727		
1		0		26728		
1		0		26729		
1		0		27128		
1		0		27130		
1		0		27131		
1		0		27132		
1		0		27134		
1		0		27135		
1		0		27144		
1		0		27145		
1		0		27146		
1		0		27147		
1		0		27148		
1		0		27161		
1		0		27162		
1		0		27163		
1		0		27164		
1		0		27165		
1		0		27166		
1		0		27167		
1		0		27168		
1		0		27169		
1		0		27170		
1		0		27171		
1		0		27172		
1		0		27173		
1		0		27174		
1		0		27175		
1		0		27176		
1		0		27177		
1		0		27178		
1		0		27179		
1		0		27180		
1		0		27181		
1		0		27182		
1		0		27183		
1		0		27184		
1		0		27185		
1		0		27186		
1		0		27188		
1		0		27189		
1		0		27190		
1		0		27191		
1		0		27192		
1		0		27193		
1		0		27194		
1		0		27195		
1		0		27196		
1		0		27197		
1		0		27198		
1		0		27553		
1		0		27554		
1		0		27555		
1		0		27556		
1		0		27557		
1		0		27558		
1		0		27559		
1		0		27562		
1		0		27564		
1		0		27570		
1		0		27572		
1		0		27573		
1		0		27574		
1		0		27575		
1		0		27576		
1		0		27577		
1		0		27578		
1		0		27579		
1		0		27580		
1		0		27581		
1		0		27582		
1		0		27583		
1		0		27584		
1		0		27585		
1		0		27586		
1		0		27587		
1		0		27588		
1		0		27589		
1		0		27590		
1		0		27591		
1		0		27592		
1		0		27593		
1		0		27594		
1		0		27596		
1		0		27970		
1		0		27971		
1		0		27972		
1		0		27973		
1		0		27974		
1		0		27975		
1		0		27984		
1		0		27985		
1		0		27987		
1		0		27988		
1		0		27989		
1		0		27990		
1		0		27991		
1		0		27992		
1		0		27993		
1		0		27994		
1		0		27996		
1		0		28348		
1		0		28349		
1		0		28351		
1		0		28353		
1		0		28354		
1		0		28358		
1		0		28359		
1		0		28360		
1		0		28361		
1		0		28362		
1		0		28363		
1		0		28364		
1		0		28365		
1		0		28366		
1		0		28367		
1		0		28730		
1		0		28731		
1		0		28732		
1		0		28733		
1		0		28734		
1		0		28735		
1		0		28736		
1		0		28737		
1		0		28738		
1		0		28739		
1		0		28740		
1		0		28741		
1		0		28742		
1		0		28744		
1		0		28746		
1		0		28747		
1		0		28748		
1		0		28749		
1		0		28750		
1		0		28751		
1		0		28752		
1		0		28753		
1		0		28758		
1		0		28763		
1		0		28764		
1		0		28765		
1		0		28766		
1		0		28768		
1		0		28769		
1		0		28772		
1		0		28773		
1		0		28774		
1		0		28775		
1		0		28776		
1		0		28777		
1		0		28778		
1		0		28779		
1		0		28780		
1		0		28781		
1		0		28782		
1		0		28783		
1		0		28784		
1		0		28785		
1		0		28786		
1		0		29144		
1		0		29541		
1		0		29542		
1		0		29543		
1		0		29544		
1		0		29545		
1		0		29547		
1		0		29548		
1		0		29549		
1		0		29550		
1		0		29551		
1		0		29552		
1		0		29553		
1		0		29554		
1		0		29555		
1		0		29556		
1		0		29557		
1		0		29558		
1		0		29559		
1		0		29560		
1		0		29561		
1		0		29562		
1		0		29563		
1		0		29564		
1		0		29565		
1		0		29566		
1		0		29567		
1		0		29568		
1		0		29569		
1		0		29570		
1		0		29571		
1		0		29572		
1		0		29573		
1		0		29574		
1		0		29575		
1		0		29576		
1		0		29577		
1		0		29578		
1		0		29579		
1		0		29580		
1		0		29581		
1		0		29582		
1		0		29875		
1		0		29888		
1		0		29889		
1		0		29890		
1		0		29891		
1		0		29892		
1		0		29893		
1		0		29894		
1		0		30204		
1		0		30205		
1		0		30206		
1		0		30207		
1		0		30210		
1		0		30211		
1		0		30212		
1		0		30213		
1		0		30214		
1		0		30215		
1		0		30453		
1		0		30454		
1		0		30455		
1		0		30456		
1		0		30828		
1		0		30835		
1		0		30836		
1		0		30837		
1		0		30838		
1		0		31589		
1		0		31590		
1		0		31591		
1		0		31592		
1		0		31593		
1		0		31597		
1		0		31598		
1		0		31599		
1		0		31600		
1		0		31601		
1		0		31602		
1		0		31603		
1		0		31604		
1		0		31605		
1		0		31606		
1		0		31607		
1		0		31608		
1		0		31609		
1		0		31610		
1		0		31611		
1		0		31612		
1		0		31613		
1		0		31614		
1		0		31615		
1		0		32594		
1		0		32595		
1		0		32596		
1		0		32597		
1		0		32598		
1		0		32599		
1		0		32600		
1		0		32601		
1		0		32602		
1		0		32603		
1		0		32604		
1		0		32605		
1		0		32606		
1		0		32607		
1		0		32608		
1		0		32617		
1		0		32618		
1		0		32619		
1		0		32620		
1		0		32621		
1		0		32622		
1		0		32623		
1		0		32624		
1		0		32625		
1		0		32626		
1		0		32627		
1		0		32628		
1		0		32629		
1		0		32630		
1		0		32631		
1		0		32632		
1		0		32633		
1		0		32634		
1		0		32635		
1		0		32636		
1		0		32637		
1		0		33250		
1		0		33251		
1		0		33258		
1		0		33259		
1		0		33260		
1		0		33261		
1		0		33262		
1		0		33263		
1		0		33264		
1		0		33265		
1		0		33266		
1		0		33267		
1		0		33268		
1		0		33269		
1		0		33270		
1		0		33271		
1		0		33272		
1		0		33273		
1		0		33274		
1		0		33275		
1		0		33276		
1		0		33277		
1		0		33278		
1		0		33279		
1		0		33280		
1		0		33281		
1		0		33282		
1		0		33283		
1		0		33284		
1		0		33285		
1		0		33286		
1		0		33287		
1		0		33288		
1		0		33289		
1		0		33290		
1		0		33291		
1		0		33292		
1		0		33293		
1		0		33294		
1		0		33295		
1		0		33296		
1		0		33297		
1		0		33298		
1		0		33299		
1		0		33300		
1		0		33301		
1		0		33302		
1		0		33303		
1		0		33304		
1		0		33305		
1		0		33306		
1		0		33307		
1		0		33308		
1		0		33309		
1		0		33310		
1		0		33311		
1		0		33312		
1		0		33313		
1		0		33314		
1		0		33315		
1		0		33316		
1		0		33317		
1		0		33318		
1		0		33319		
1		0		33320		
1		0		33321		
1		0		33322		
1		0		33323		
1		0		33324		
1		0		33325		
1		0		33326		
1		0		33327		
1		0		33328		
1		0		33329		
1		0		33330		
1		0		33331		
1		0		34210		
1		0		34211		
1		0		34212		
1		0		34213		
1		0		34214		
1		0		34215		
1		0		34216		
1		0		34217		
1		0		34218		
1		0		34219		
1		0		34220		
1		0		34221		
1		0		34223		
1		0		34224		
1		0		34225		
1		0		34226		
1		0		34227		
1		0		34228		
1		0		34229		
1		0		34230		
1		0		34231		
1		0		34232		
1		0		34233		
1		0		34234		
1		0		34235		
1		0		34236		
1		0		34237		
1		0		34238		
1		0		34239		
1		0		34240		
1		0		34241		
1		0		34242		
1		0		34243		
1		0		34244		
1		0		34245		
1		0		34246		
1		0		34247		
1		0		34248		
1		0		34249		
1		0		34250		
1		0		34251		
1		0		34252		
1		0		34253		
1		0		34254		
1		0		34255		
1		0		34256		
1		0		34257		
1		0		34258		
1		0		34259		
1		0		34260		
1		0		34261		
1		0		34262		
1		0		34263		
1		0		34264		
1		0		34266		
1		0		34267		
1		0		34268		
1		0		34269		
1		0		34270		
1		0		34271		
1		0		34272		
1		0		34273		
1		0		34274		
1		0		34275		
1		0		34276		
1		0		34277		
1		0		34278		
1		0		34279		
1		0		34280		
1		0		34281		
1		0		34282		
1		0		34283		
1		0		34286		
1		0		34302		
1		0		34303		
1		0		34304		
1		0		34305		
1		0		34983		
1		0		34984		
1		0		34985		
1		0		34986		
1		0		34987		
1		0		34989		
1		0		34990		
1		0		34991		
1		0		34993		
1		0		34994		
1		0		34996		
1		0		34997		
1		0		34998		
1		0		35000		
1		0		35001		
1		0		35002		
1		0		35003		
1		0		35004		
1		0		35005		
1		0		35006		
1		0		35007		
1		0		35008		
1		0		35009		
1		0		35010		
1		0		35013		
1		0		35017		
1		0		35018		
1		0		35021		
1		0		35022		
1		0		35031		
1		0		35032		
1		0		35033		
1		0		35034		
1		0		35035		
1		0		35036		
1		0		35037		
1		0		35038		
1		0		35039		
1		0		35040		
1		0		35041		
1		0		35042		
1		0		35045		
1		0		35046		
1		0		35047		
1		0		35057		
1		0		35058		
1		0		35088		
1		0		35089		
1		0		35091		
1		0		35092		
1		0		35095		
1		0		35096		
1		0		35097		
1		0		35098		
1		0		35099		
1		0		35100		
1		0		35101		
1		0		35102		
1		0		35103		
1		0		35104		
1		0		35105		
1		0		35957		
1		0		35958		
1		0		35972		
1		0		35973		
1		0		35974		
1		0		35975		
1		0		35976		
1		0		35977		
1		0		35978		
1		0		35979		
1		0		35980		
1		0		35981		
1		0		35982		
1		0		35983		
1		0		35984		
1		0		35985		
1		0		35986		
1		0		35987		
1		0		35988		
1		0		35989		
1		0		35990		
1		0		35991		
1		0		35992		
1		0		35993		
1		0		35994		
1		0		35996		
1		0		36000		
1		0		36001		
1		0		36002		
1		0		36003		
1		0		36004		
1		0		36010		
1		0		37052		
1		0		37069		
1		0		37070		
1		0		37071		
1		0		37072		
1		0		37073		
1		0		37075		
1		0		37076		
1		0		37077		
1		0		37078		
1		0		37079		
1		0		37080		
1		0		37081		
1		0		37082		
1		0		37083		
1		0		37084		
1		0		37085		
1		0		37086		
1		0		37087		
1		0		37088		
1		0		37089		
1		0		37091		
1		0		37092		
1		0		37746		
1		0		37747		
1		0		37748		
1		0		37790		
1		0		37791		
1		0		37792		
1		0		37793		
1		0		37794		
1		0		37795		
1		0		37796		
1		0		37797		
1		0		37798		
1		0		37799		
1		0		37800		
1		0		37801		
1		0		37802		
1		0		37803		
1		0		37804		
1		0		37812		
1		0		37813		
1		0		38517		
1		0		38518		
1		0		38519		
1		0		38520		
1		0		38521		
1		0		38522		
1		0		38523		
1		0		38524		
1		0		38561		
1		0		38562		
1		0		38563		
1		0		38564		
1		0		38565		
1		0		38566		
1		0		38567		
1		0		38568		
1		0		38569		
1		0		38570		
1		0		38571		
1		0		38572		
1		0		38573		
1		0		38574		
1		0		38575		
1		0		38576		
1		0		38577		
1		0		38578		
1		0		38579		
1		0		38580		
1		0		38581		
1		0		38582		
1		0		38583		
1		0		38584		
1		0		38585		
1		0		38586		
1		0		38587		
1		0		38588		
1		0		38589		
1		0		38590		
1		0		38591		
1		0		38593		
1		0		38594		
1		0		38595		
1		0		38596		
1		0		38597		
1		0		38598		
1		0		38599		
1		0		38600		
1		0		38601		
1		0		38602		
1		0		38603		
1		0		38604		
1		0		38605		
1		0		38606		
1		0		38607		
1		0		38608		
1		0		38609		
1		0		38610		
1		0		38611		
1		0		38612		
1		0		38613		
1		0		38614		
1		0		38615		
1		0		38616		
1		0		38617		
1		0		38618		
1		0		38619		
1		0		38620		
1		0		38621		
1		0		38622		
1		0		38623		
1		0		38624		
1		0		38625		
1		0		38626		
1		0		38627		
1		0		38628		
1		0		38629		
1		0		38630		
1		0		38631		
1		0		38632		
1		0		38633		
1		0		38634		
1		0		38635		
1		0		38636		
1		0		38637		
1		0		38638		
1		0		38639		
1		0		38640		
1		0		38641		
1		0		38642		
1		0		38643		
1		0		38649		
1		0		38653		
1		0		39329		
1		0		39330		
1		0		39331		
1		0		39332		
1		0		39333		
1		0		39334		
1		0		39335		
1		0		39336		
1		0		39354		
1		0		39355		
1		0		39356		
1		0		39358		
1		0		39361		
1		0		39363		
1		0		39365		
1		0		39366		
1		0		39367		
1		0		39371		
1		0		39372		
1		0		39373		
1		0		39376		
1		0		39377		
1		0		39472		
1		0		39473		
1		0		39474		
1		0		39475		
1		0		39476		
1		0		39477		
1		0		39478		
1		0		39479		
1		0		39480		
1		0		39481		
1		0		39482		
1		0		39483		
1		0		39484		
1		0		39485		
1		0		39486		
1		0		39487		
1		0		39488		
1		0		39489		
1		0		39490		
1		0		39491		
1		0		39492		
1		0		39493		
1		0		39494		
1		0		39495		
1		0		39496		
1		0		39497		
1		0		39498		
1		0		39499		
1		0		39500		
1		0		39501		
1		0		39502		
1		0		39503		
1		0		40116		
1		0		40117		
1		0		40118		
1		0		40119		
1		0		40120		
1		0		40121		
1		0		40122		
1		0		40123		
1		0		40124		
1		0		40125		
1		0		40133		
1		0		40135		
1		0		40136		
1		0		40137		
1		0		40138		
1		0		40207		
1		0		40208		
1		0		40209		
1		0		40210		
1		0		40211		
1		0		40212		
1		0		40213		
1		0		40214		
1		0		40215		
1		0		40216		
1		0		40217		
1		0		40218		
1		0		40219		
1		0		40220		
1		0		40221		
1		0		40222		
1		0		40223		
1		0		40224		
1		0		40225		
1		0		40226		
1		0		40227		
1		0		40228		
1		0		40229		
1		0		40230		
1		0		40231		
1		0		40232		
1		0		40233		
1		0		40234		
1		0		40235		
1		0		40236		
1		0		40237		
1		0		40238		
1		0		40239		
1		0		40240		
1		0		40242		
1		0		40256		
1		0		40257		
1		0		40258		
1		0		40725		
1		0		40726		
1		0		40727		
1		0		40728		
1		0		40730		
1		0		40762		
1		0		40763		
1		0		40799		
1		0		40800		
1		0		40801		
1		0		40802		
1		0		40803		
1		0		40804		
1		0		40805		
1		0		40806		
1		0		40807		
1		0		40808		
1		0		40809		
1		0		40810		
1		0		40811		
1		0		40812		
1		0		40813		
1		0		40814		
1		0		40815		
1		0		40816		
1		0		40817		
1		0		40818		
1		0		40819		
1		0		40820		
1		0		40821		
1		0		40823		
1		0		40824		
1		0		41433		
1		0		41445		
1		0		41446		
1		0		41447		
1		0		41448		
1		0		41449		
1		0		41450		
1		0		41452		
1		0		41454		
1		0		41455		
1		0		41456		
1		0		41457		
1		0		41458		
1		0		41459		
1		0		41460		
1		0		41461		
1		0		41462		
1		0		41463		
1		0		41464		
1		0		41465		
1		0		41466		
1		0		41467		
1		0		41470		
1		0		41471		
1		0		41472		
1		0		41473		
1		0		41474		
1		0		41475		
1		0		41476		
1		0		41477		
1		0		41478		
1		0		41479		
1		0		41480		
1		0		41481		
1		0		41482		
1		0		41483		
1		0		41484		
1		0		41485		
1		0		41486		
1		0		41487		
1		0		41548		
1		0		41549		
1		0		41550		
1		0		41551		
1		0		41552		
1		0		41553		
1		0		41554		
1		0		41555		
1		0		41556		
1		0		41558		
1		0		41559		
1		0		42093		
1		0		42094		
1		0		42095		
1		0		42096		
1		0		42097		
1		0		42098		
1		0		42099		
1		0		42100		
1		0		42101		
1		0		42102		
1		0		42111		
1		0		42112		
1		0		42113		
1		0		42115		
1		0		42116		
1		0		42117		
1		0		42119		
1		0		42121		
1		0		42122		
1		0		42123		
1		0		42124		
1		0		42125		
1		0		42222		
1		0		42223		
1		0		42225		
1		0		42739		
1		0		42740		
1		0		42743		
1		0		42744		
1		0		42745		
1		0		42746		
1		0		42747		
1		0		42748		
1		0		42749		
1		0		42750		
1		0		42814		
1		0		42815		
1		0		42817		
1		0		43319		
1		0		43320		
1		0		43321		
1		0		43322		
1		0		43323		
1		0		43324		
1		0		43325		
1		0		43326		
1		0		43327		
1		0		43328		
1		0		43420		
1		0		43923		
1		0		43924		
1		0		43925		
1		0		43926		
1		0		43927		
1		0		43928		
1		0		44495		
1		0		44496		
1		0		44497		
1		0		44498		
1		0		45061		
1		0		45062		
1		0		45063		
1		0		45064		
1		0		45065		
1		0		45066		
1		0		45639		
1		0		56514		
1		0		56683		
1		0		56686		
1		0		56687		
1		0		56728		
1		0		56729		
1		0		56754		
1		0		56755		
1		0		56952		
1		0		57093		
1		0		57134		
1		0		57135		
1		0		57136		
1		0		57177		
1		0		57178		
1		0		57209		
1		0		57780		
1		0		57781		
1		0		57782		
1		0		57814		
1		0		57873		
1		0		57874		
1		0		57875		
1		0		57876		
1		0		57877		
1		0		57878		
1		0		57880		
1		0		57981		
1		0		58067		
1		0		58068		
1		0		58069		
1		0		58070		
1		0		58071		
1		0		58072		
1		0		58073		
1		0		58074		
1		0		58075		
1		0		58076		
1		0		58126		