1		0		19666		
1		0		20089		
1		0		20658		
1		0		20664		
1		0		20665		
1		0		20666		
1		0		20669		
1		0		20670		
1		0		21160		
1		0		21161		
1		0		21529		
1		0		21705		
1		0		21706		
1		0		21707		
1		0		22125		
1		0		22129		
1		0		22507		
1		0		22508		
1		0		22509		
1		0		22510		
1		0		22511		
1		0		22512		
1		0		22513		
1		0		22515		
1		0		22946		
1		0		22948		
1		0		23314		
1		0		23329		
1		0		23423		
1		0		23424		
1		0		23425		
1		0		23426		
1		0		23945		
1		0		23946		
1		0		23947		
1		0		23948		
1		0		23949		
1		0		23950		
1		0		23951		
1		0		23952		
1		0		23953		
1		0		23954		
1		0		23956		
1		0		23957		
1		0		23958		
1		0		23959		
1		0		23961		
1		0		23962		
1		0		23966		
1		0		24318		
1		0		24319		
1		0		24320		
1		0		24372		
1		0		24379		
1		0		24381		
1		0		24385		
1		0		24389		
1		0		24392		
1		0		24397		
1		0		24398		
1		0		24399		
1		0		24486		
1		0		24487		
1		0		24488		
1		0		24489		
1		0		24490		
1		0		24491		
1		0		24493		
1		0		24494		
1		0		24495		
1		0		24497		
1		0		24498		
1		0		24501		
1		0		24503		
1		0		24505		
1		0		24506		
1		0		24507		
1		0		24508		
1		0		24509		
1		0		24510		
1		0		24511		
1		0		24512		
1		0		24513		
1		0		24514		
1		0		24913		
1		0		24914		
1		0		24915		
1		0		24916		
1		0		24917		
1		0		24918		
1		0		24919		
1		0		24920		
1		0		24921		
1		0		25253		
1		0		25275		
1		0		25280		
1		0		25283		
1		0		25287		
1		0		25415		
1		0		25420		
1		0		25421		
1		0		25422		
1		0		25423		
1		0		25424		
1		0		25425		
1		0		25426		
1		0		25427		
1		0		25428		
1		0		25429		
1		0		25430		
1		0		25431		
1		0		25432		
1		0		25433		
1		0		25434		
1		0		25435		
1		0		25436		
1		0		25437		
1		0		25841		
1		0		25842		
1		0		25843		
1		0		25844		
1		0		25845		
1		0		25846		
1		0		25847		
1		0		25848		
1		0		25849		
1		0		25850		
1		0		25851		
1		0		25852		
1		0		25853		
1		0		25854		
1		0		25855		
1		0		25856		
1		0		25857		
1		0		25858		
1		0		25859		
1		0		25860		
1		0		25861		
1		0		25862		
1		0		25863		
1		0		25864		
1		0		25865		
1		0		25866		
1		0		25867		
1		0		25868		
1		0		25869		
1		0		25870		
1		0		25871		
1		0		25872		
1		0		25873		
1		0		25874		
1		0		25875		
1		0		25876		
1		0		25877		
1		0		25878		
1		0		25879		
1		0		25880		
1		0		25881		
1		0		25882		
1		0		25883		
1		0		25884		
1		0		25885		
1		0		25886		
1		0		25887		
1		0		25888		
1		0		25889		
1		0		25890		
1		0		25891		
1		0		25892		
1		0		25893		
1		0		25894		
1		0		25895		
1		0		25896		
1		0		25897		
1		0		25898		
1		0		25899		
1		0		25900		
1		0		25901		
1		0		25902		
1		0		25903		
1		0		25904		
1		0		25905		
1		0		25906		
1		0		25907		
1		0		25908		
1		0		25909		
1		0		25910		
1		0		25911		
1		0		25912		
1		0		25913		
1		0		25914		
1		0		25915		
1		0		25916		
1		0		25917		
1		0		25918		
1		0		25919		
1		0		25920		
1		0		25921		
1		0		25922		
1		0		25923		
1		0		26280		
1		0		26281		
1		0		26285		
1		0		26288		
1		0		26289		
1		0		26291		
1		0		26292		
1		0		26293		
1		0		26295		
1		0		26296		
1		0		26297		
1		0		26298		
1		0		26299		
1		0		26300		
1		0		26301		
1		0		26314		
1		0		26315		
1		0		26316		
1		0		26317		
1		0		26318		
1		0		26319		
1		0		26320		
1		0		26321		
1		0		26322		
1		0		26323		
1		0		26335		
1		0		26336		
1		0		26337		
1		0		26339		
1		0		26340		
1		0		26343		
1		0		26344		
1		0		26345		
1		0		26346		
1		0		26347		
1		0		26348		
1		0		26349		
1		0		26350		
1		0		26351		
1		0		26352		
1		0		26353		
1		0		26354		
1		0		26453		
1		0		26454		
1		0		26680		
1		0		26681		
1		0		26683		
1		0		26684		
1		0		26685		
1		0		26686		
1		0		26687		
1		0		26688		
1		0		26689		
1		0		26690		
1		0		26691		
1		0		26692		
1		0		26694		
1		0		26695		
1		0		26696		
1		0		26697		
1		0		26698		
1		0		26699		
1		0		26702		
1		0		26703		
1		0		26704		
1		0		26705		
1		0		26706		
1		0		26707		
1		0		26708		
1		0		26709		
1		0		26710		
1		0		26711		
1		0		26712		
1		0		26713		
1		0		26715		
1		0		26716		
1		0		26717		
1		0		26718		
1		0		26719		
1		0		26720		
1		0		26721		
1		0		26722		
1		0		26723		
1		0		26724		
1		0		26725		
1		0		26726		
1		0		26727		
1		0		26728		
1		0		26729		
1		0		27128		
1		0		27130		
1		0		27132		
1		0		27134		
1		0		27135		
1		0		27136		
1		0		27143		
1		0		27144		
1		0		27145		
1		0		27146		
1		0		27147		
1		0		27148		
1		0		27163		
1		0		27164		
1		0		27165		
1		0		27166		
1		0		27167		
1		0		27168		
1		0		27169		
1		0		27170		
1		0		27171		
1		0		27172		
1		0		27173		
1		0		27174		
1		0		27175		
1		0		27176		
1		0		27177		
1		0		27178		
1		0		27179		
1		0		27180		
1		0		27181		
1		0		27182		
1		0		27183		
1		0		27184		
1		0		27185		
1		0		27186		
1		0		27188		
1		0		27189		
1		0		27190		
1		0		27191		
1		0		27192		
1		0		27193		
1		0		27194		
1		0		27195		
1		0		27196		
1		0		27197		
1		0		27198		
1		0		27553		
1		0		27554		
1		0		27555		
1		0		27556		
1		0		27557		
1		0		27558		
1		0		27559		
1		0		27564		
1		0		27570		
1		0		27572		
1		0		27573		
1		0		27574		
1		0		27575		
1		0		27576		
1		0		27577		
1		0		27578		
1		0		27579		
1		0		27580		
1		0		27581		
1		0		27582		
1		0		27583		
1		0		27584		
1		0		27586		
1		0		27588		
1		0		27589		
1		0		27590		
1		0		27591		
1		0		27592		
1		0		27593		
1		0		27596		
1		0		27968		
1		0		27970		
1		0		27971		
1		0		27972		
1		0		27973		
1		0		27974		
1		0		27975		
1		0		27984		
1		0		27985		
1		0		27987		
1		0		27988		
1		0		27991		
1		0		27992		
1		0		27993		
1		0		27994		
1		0		27996		
1		0		28348		
1		0		28349		
1		0		28351		
1		0		28353		
1		0		28354		
1		0		28358		
1		0		28359		
1		0		28360		
1		0		28361		
1		0		28363		
1		0		28364		
1		0		28365		
1		0		28366		
1		0		28367		
1		0		28730		
1		0		28731		
1		0		28732		
1		0		28733		
1		0		28734		
1		0		28735		
1		0		28736		
1		0		28737		
1		0		28738		
1		0		28739		
1		0		28740		
1		0		28741		
1		0		28742		
1		0		28743		
1		0		28744		
1		0		28745		
1		0		28746		
1		0		28747		
1		0		28748		
1		0		28749		
1		0		28750		
1		0		28751		
1		0		28752		
1		0		28753		
1		0		28754		
1		0		28755		
1		0		28756		
1		0		28757		
1		0		28758		
1		0		28759		
1		0		28760		
1		0		28763		
1		0		28764		
1		0		28765		
1		0		28766		
1		0		28768		
1		0		28773		
1		0		28774		
1		0		28775		
1		0		28776		
1		0		28777		
1		0		28778		
1		0		28779		
1		0		28780		
1		0		28781		
1		0		28782		
1		0		28783		
1		0		28784		
1		0		28785		
1		0		28786		
1		0		29137		
1		0		29144		
1		0		29541		
1		0		29542		
1		0		29543		
1		0		29544		
1		0		29545		
1		0		29547		
1		0		29548		
1		0		29549		
1		0		29550		
1		0		29551		
1		0		29552		
1		0		29553		
1		0		29554		
1		0		29555		
1		0		29556		
1		0		29557		
1		0		29558		
1		0		29559		
1		0		29560		
1		0		29561		
1		0		29562		
1		0		29563		
1		0		29564		
1		0		29565		
1		0		29566		
1		0		29567		
1		0		29568		
1		0		29569		
1		0		29570		
1		0		29571		
1		0		29572		
1		0		29573		
1		0		29574		
1		0		29575		
1		0		29576		
1		0		29577		
1		0		29578		
1		0		29579		
1		0		29580		
1		0		29581		
1		0		29582		
1		0		29875		
1		0		29888		
1		0		29889		
1		0		29890		
1		0		29891		
1		0		29892		
1		0		29893		
1		0		29894		
1		0		30204		
1		0		30205		
1		0		30206		
1		0		30207		
1		0		30210		
1		0		30211		
1		0		30212		
1		0		30213		
1		0		30214		
1		0		30215		
1		0		30453		
1		0		30454		
1		0		30455		
1		0		30456		
1		0		30457		
1		0		30458		
1		0		30462		
1		0		30827		
1		0		30828		
1		0		30835		
1		0		30836		
1		0		30837		
1		0		30838		
1		0		31075		
1		0		31077		
1		0		31588		
1		0		31589		
1		0		31590		
1		0		31591		
1		0		31592		
1		0		31593		
1		0		31597		
1		0		31598		
1		0		31599		
1		0		31600		
1		0		31601		
1		0		31602		
1		0		31603		
1		0		31604		
1		0		31605		
1		0		31606		
1		0		31607		
1		0		31608		
1		0		31609		
1		0		31610		
1		0		31611		
1		0		31612		
1		0		31613		
1		0		31614		
1		0		31615		
1		0		32592		
1		0		32593		
1		0		32594		
1		0		32595		
1		0		32596		
1		0		32597		
1		0		32598		
1		0		32599		
1		0		32600		
1		0		32601		
1		0		32602		
1		0		32603		
1		0		32604		
1		0		32605		
1		0		32606		
1		0		32607		
1		0		32608		
1		0		32617		
1		0		32618		
1		0		32619		
1		0		32620		
1		0		32621		
1		0		32622		
1		0		32623		
1		0		32624		
1		0		32625		
1		0		32626		
1		0		32627		
1		0		32628		
1		0		32629		
1		0		32630		
1		0		32631		
1		0		32632		
1		0		32633		
1		0		32634		
1		0		32635		
1		0		32636		
1		0		32637		
1		0		33250		
1		0		33251		
1		0		33258		
1		0		33259		
1		0		33260		
1		0		33261		
1		0		33262		
1		0		33263		
1		0		33264		
1		0		33265		
1		0		33266		
1		0		33267		
1		0		33268		
1		0		33269		
1		0		33270		
1		0		33271		
1		0		33272		
1		0		33273		
1		0		33274		
1		0		33275		
1		0		33276		
1		0		33277		
1		0		33278		
1		0		33279		
1		0		33280		
1		0		33281		
1		0		33282		
1		0		33283		
1		0		33284		
1		0		33285		
1		0		33286		
1		0		33287		
1		0		33288		
1		0		33289		
1		0		33290		
1		0		33291		
1		0		33292		
1		0		33293		
1		0		33294		
1		0		33295		
1		0		33296		
1		0		33297		
1		0		33298		
1		0		33299		
1		0		33300		
1		0		33301		
1		0		33302		
1		0		33303		
1		0		33304		
1		0		33305		
1		0		33306		
1		0		33307		
1		0		33308		
1		0		33309		
1		0		33310		
1		0		33311		
1		0		33312		
1		0		33313		
1		0		33314		
1		0		33315		
1		0		33316		
1		0		33317		
1		0		33318		
1		0		33319		
1		0		33320		
1		0		33321		
1		0		33322		
1		0		33323		
1		0		33324		
1		0		33325		
1		0		33326		
1		0		33327		
1		0		33328		
1		0		33329		
1		0		33330		
1		0		33331		
1		0		34209		
1		0		34210		
1		0		34211		
1		0		34212		
1		0		34213		
1		0		34214		
1		0		34215		
1		0		34216		
1		0		34217		
1		0		34218		
1		0		34219		
1		0		34220		
1		0		34221		
1		0		34223		
1		0		34224		
1		0		34225		
1		0		34226		
1		0		34227		
1		0		34228		
1		0		34229		
1		0		34230		
1		0		34231		
1		0		34232		
1		0		34233		
1		0		34234		
1		0		34235		
1		0		34236		
1		0		34237		
1		0		34238		
1		0		34239		
1		0		34240		
1		0		34241		
1		0		34242		
1		0		34243		
1		0		34244		
1		0		34245		
1		0		34246		
1		0		34247		
1		0		34248		
1		0		34249		
1		0		34250		
1		0		34251		
1		0		34252		
1		0		34253		
1		0		34254		
1		0		34255		
1		0		34256		
1		0		34257		
1		0		34258		
1		0		34259		
1		0		34260		
1		0		34261		
1		0		34262		
1		0		34263		
1		0		34264		
1		0		34266		
1		0		34267		
1		0		34268		
1		0		34269		
1		0		34270		
1		0		34271		
1		0		34272		
1		0		34273		
1		0		34274		
1		0		34275		
1		0		34276		
1		0		34278		
1		0		34279		
1		0		34280		
1		0		34281		
1		0		34282		
1		0		34283		
1		0		34302		
1		0		34303		
1		0		34304		
1		0		34305		
1		0		34983		
1		0		34984		
1		0		34985		
1		0		34986		
1		0		34987		
1		0		34988		
1		0		34989		
1		0		34990		
1		0		34991		
1		0		34992		
1		0		34993		
1		0		34994		
1		0		34995		
1		0		34996		
1		0		34997		
1		0		34998		
1		0		34999		
1		0		35000		
1		0		35001		
1		0		35002		
1		0		35003		
1		0		35004		
1		0		35005		
1		0		35006		
1		0		35007		
1		0		35008		
1		0		35009		
1		0		35010		
1		0		35011		
1		0		35012		
1		0		35013		
1		0		35014		
1		0		35015		
1		0		35016		
1		0		35017		
1		0		35018		
1		0		35020		
1		0		35021		
1		0		35022		
1		0		35023		
1		0		35024		
1		0		35025		
1		0		35026		
1		0		35027		
1		0		35028		
1		0		35029		
1		0		35030		
1		0		35031		
1		0		35032		
1		0		35033		
1		0		35034		
1		0		35035		
1		0		35036		
1		0		35037		
1		0		35038		
1		0		35039		
1		0		35040		
1		0		35041		
1		0		35042		
1		0		35045		
1		0		35057		
1		0		35058		
1		0		35059		
1		0		35088		
1		0		35089		
1		0		35091		
1		0		35092		
1		0		35095		
1		0		35096		
1		0		35097		
1		0		35098		
1		0		35099		
1		0		35100		
1		0		35101		
1		0		35102		
1		0		35103		
1		0		35104		
1		0		35105		
1		0		35957		
1		0		35958		
1		0		35959		
1		0		35960		
1		0		35961		
1		0		35962		
1		0		35963		
1		0		35964		
1		0		35965		
1		0		35966		
1		0		35967		
1		0		35968		
1		0		35969		
1		0		35970		
1		0		35971		
1		0		35972		
1		0		35973		
1		0		35974		
1		0		35975		
1		0		35976		
1		0		35977		
1		0		35978		
1		0		35979		
1		0		35980		
1		0		35981		
1		0		35982		
1		0		35983		
1		0		35984		
1		0		35985		
1		0		35986		
1		0		35987		
1		0		35988		
1		0		35989		
1		0		35990		
1		0		35991		
1		0		35992		
1		0		35993		
1		0		35994		
1		0		35996		
1		0		36000		
1		0		36002		
1		0		36003		
1		0		36004		
1		0		36010		
1		0		37052		
1		0		37053		
1		0		37054		
1		0		37055		
1		0		37056		
1		0		37057		
1		0		37058		
1		0		37059		
1		0		37060		
1		0		37061		
1		0		37062		
1		0		37063		
1		0		37064		
1		0		37065		
1		0		37067		
1		0		37068		
1		0		37069		
1		0		37070		
1		0		37071		
1		0		37072		
1		0		37073		
1		0		37075		
1		0		37076		
1		0		37077		
1		0		37078		
1		0		37079		
1		0		37080		
1		0		37081		
1		0		37082		
1		0		37083		
1		0		37084		
1		0		37085		
1		0		37086		
1		0		37087		
1		0		37088		
1		0		37089		
1		0		37091		
1		0		37092		
1		0		37746		
1		0		37747		
1		0		37748		
1		0		37749		
1		0		37750		
1		0		37751		
1		0		37752		
1		0		37753		
1		0		37754		
1		0		37755		
1		0		37756		
1		0		37757		
1		0		37758		
1		0		37759		
1		0		37760		
1		0		37761		
1		0		37762		
1		0		37763		
1		0		37764		
1		0		37765		
1		0		37766		
1		0		37767		
1		0		37768		
1		0		37769		
1		0		37770		
1		0		37771		
1		0		37772		
1		0		37773		
1		0		37774		
1		0		37775		
1		0		37776		
1		0		37777		
1		0		37778		
1		0		37779		
1		0		37780		
1		0		37781		
1		0		37782		
1		0		37783		
1		0		37784		
1		0		37785		
1		0		37786		
1		0		37787		
1		0		37788		
1		0		37789		
1		0		37790		
1		0		37791		
1		0		37792		
1		0		37793		
1		0		37794		
1		0		37795		
1		0		37796		
1		0		37797		
1		0		37798		
1		0		37799		
1		0		37800		
1		0		37801		
1		0		37802		
1		0		37803		
1		0		37804		
1		0		37812		
1		0		37813		
1		0		38517		
1		0		38518		
1		0		38519		
1		0		38520		
1		0		38521		
1		0		38522		
1		0		38523		
1		0		38524		
1		0		38525		
1		0		38526		
1		0		38527		
1		0		38528		
1		0		38529		
1		0		38530		
1		0		38531		
1		0		38532		
1		0		38533		
1		0		38534		
1		0		38535		
1		0		38536		
1		0		38537		
1		0		38539		
1		0		38540		
1		0		38541		
1		0		38542		
1		0		38543		
1		0		38544		
1		0		38545		
1		0		38546		
1		0		38547		
1		0		38548		
1		0		38549		
1		0		38550		
1		0		38551		
1		0		38552		
1		0		38553		
1		0		38554		
1		0		38555		
1		0		38556		
1		0		38557		
1		0		38558		
1		0		38559		
1		0		38560		
1		0		38561		
1		0		38562		
1		0		38563		
1		0		38564		
1		0		38565		
1		0		38566		
1		0		38567		
1		0		38568		
1		0		38569		
1		0		38570		
1		0		38571		
1		0		38572		
1		0		38573		
1		0		38574		
1		0		38575		
1		0		38576		
1		0		38577		
1		0		38578		
1		0		38579		
1		0		38580		
1		0		38581		
1		0		38582		
1		0		38583		
1		0		38584		
1		0		38585		
1		0		38586		
1		0		38587		
1		0		38588		
1		0		38589		
1		0		38590		
1		0		38591		
1		0		38593		
1		0		38594		
1		0		38595		
1		0		38596		
1		0		38597		
1		0		38598		
1		0		38599		
1		0		38600		
1		0		38601		
1		0		38602		
1		0		38603		
1		0		38604		
1		0		38605		
1		0		38606		
1		0		38607		
1		0		38608		
1		0		38609		
1		0		38610		
1		0		38611		
1		0		38612		
1		0		38613		
1		0		38614		
1		0		38615		
1		0		38616		
1		0		38617		
1		0		38618		
1		0		38619		
1		0		38620		
1		0		38621		
1		0		38622		
1		0		38623		
1		0		38624		
1		0		38625		
1		0		38626		
1		0		38627		
1		0		38628		
1		0		38629		
1		0		38630		
1		0		38631		
1		0		38632		
1		0		38633		
1		0		38634		
1		0		38635		
1		0		38636		
1		0		38637		
1		0		38638		
1		0		38639		
1		0		38640		
1		0		38641		
1		0		38642		
1		0		38643		
1		0		38649		
1		0		38653		
1		0		39329		
1		0		39330		
1		0		39331		
1		0		39332		
1		0		39333		
1		0		39334		
1		0		39335		
1		0		39336		
1		0		39338		
1		0		39339		
1		0		39340		
1		0		39341		
1		0		39342		
1		0		39343		
1		0		39344		
1		0		39345		
1		0		39346		
1		0		39347		
1		0		39349		
1		0		39350		
1		0		39352		
1		0		39353		
1		0		39354		
1		0		39355		
1		0		39356		
1		0		39357		
1		0		39358		
1		0		39359		
1		0		39360		
1		0		39361		
1		0		39362		
1		0		39363		
1		0		39364		
1		0		39365		
1		0		39366		
1		0		39367		
1		0		39368		
1		0		39369		
1		0		39370		
1		0		39371		
1		0		39372		
1		0		39373		
1		0		39374		
1		0		39375		
1		0		39376		
1		0		39377		
1		0		39378		
1		0		39379		
1		0		39381		
1		0		39382		
1		0		39383		
1		0		39384		
1		0		39385		
1		0		39386		
1		0		39387		
1		0		39388		
1		0		39389		
1		0		39390		
1		0		39392		
1		0		39393		
1		0		39394		
1		0		39395		
1		0		39396		
1		0		39398		
1		0		39399		
1		0		39400		
1		0		39401		
1		0		39402		
1		0		39403		
1		0		39404		
1		0		39405		
1		0		39406		
1		0		39407		
1		0		39408		
1		0		39409		
1		0		39410		
1		0		39411		
1		0		39412		
1		0		39413		
1		0		39414		
1		0		39415		
1		0		39416		
1		0		39417		
1		0		39418		
1		0		39419		
1		0		39420		
1		0		39421		
1		0		39422		
1		0		39423		
1		0		39424		
1		0		39425		
1		0		39426		
1		0		39427		
1		0		39428		
1		0		39429		
1		0		39430		
1		0		39431		
1		0		39432		
1		0		39433		
1		0		39434		
1		0		39438		
1		0		39439		
1		0		39440		
1		0		39441		
1		0		39442		
1		0		39443		
1		0		39444		
1		0		39445		
1		0		39446		
1		0		39447		
1		0		39448		
1		0		39449		
1		0		39450		
1		0		39451		
1		0		39452		
1		0		39453		
1		0		39454		
1		0		39455		
1		0		39456		
1		0		39457		
1		0		39458		
1		0		39459		
1		0		39460		
1		0		39461		
1		0		39462		
1		0		39463		
1		0		39464		
1		0		39465		
1		0		39466		
1		0		39467		
1		0		39468		
1		0		39469		
1		0		39471		
1		0		39472		
1		0		39473		
1		0		39474		
1		0		39475		
1		0		39476		
1		0		39477		
1		0		39478		
1		0		39479		
1		0		39480		
1		0		39481		
1		0		39482		
1		0		39483		
1		0		39484		
1		0		39485		
1		0		39486		
1		0		39487		
1		0		39488		
1		0		39489		
1		0		39490		
1		0		39491		
1		0		39492		
1		0		39493		
1		0		39494		
1		0		39495		
1		0		39496		
1		0		39497		
1		0		39498		
1		0		39499		
1		0		39500		
1		0		39501		
1		0		39502		
1		0		39503		
1		0		40116		
1		0		40117		
1		0		40118		
1		0		40119		
1		0		40120		
1		0		40121		
1		0		40122		
1		0		40123		
1		0		40124		
1		0		40125		
1		0		40126		
1		0		40127		
1		0		40128		
1		0		40129		
1		0		40130		
1		0		40131		
1		0		40132		
1		0		40133		
1		0		40134		
1		0		40135		
1		0		40136		
1		0		40137		
1		0		40138		
1		0		40139		
1		0		40140		
1		0		40141		
1		0		40142		
1		0		40146		
1		0		40150		
1		0		40151		
1		0		40152		
1		0		40153		
1		0		40154		
1		0		40155		
1		0		40156		
1		0		40157		
1		0		40158		
1		0		40159		
1		0		40160		
1		0		40161		
1		0		40162		
1		0		40165		
1		0		40166		
1		0		40168		
1		0		40170		
1		0		40171		
1		0		40173		
1		0		40175		
1		0		40205		
1		0		40206		
1		0		40207		
1		0		40208		
1		0		40209		
1		0		40210		
1		0		40211		
1		0		40212		
1		0		40213		
1		0		40214		
1		0		40215		
1		0		40216		
1		0		40217		
1		0		40218		
1		0		40219		
1		0		40220		
1		0		40221		
1		0		40222		
1		0		40223		
1		0		40224		
1		0		40225		
1		0		40226		
1		0		40227		
1		0		40228		
1		0		40229		
1		0		40230		
1		0		40231		
1		0		40232		
1		0		40233		
1		0		40234		
1		0		40235		
1		0		40236		
1		0		40237		
1		0		40238		
1		0		40239		
1		0		40240		
1		0		40242		
1		0		40256		
1		0		40257		
1		0		40258		
1		0		40725		
1		0		40726		
1		0		40727		
1		0		40728		
1		0		40730		
1		0		40731		
1		0		40732		
1		0		40733		
1		0		40734		
1		0		40735		
1		0		40736		
1		0		40737		
1		0		40738		
1		0		40739		
1		0		40740		
1		0		40741		
1		0		40742		
1		0		40743		
1		0		40744		
1		0		40745		
1		0		40746		
1		0		40747		
1		0		40751		
1		0		40753		
1		0		40762		
1		0		40763		
1		0		40764		
1		0		40765		
1		0		40766		
1		0		40767		
1		0		40769		
1		0		40770		
1		0		40771		
1		0		40772		
1		0		40773		
1		0		40774		
1		0		40775		
1		0		40776		
1		0		40778		
1		0		40780		
1		0		40781		
1		0		40785		
1		0		40790		
1		0		40793		
1		0		40798		
1		0		40799		
1		0		40800		
1		0		40801		
1		0		40802		
1		0		40803		
1		0		40804		
1		0		40805		
1		0		40806		
1		0		40807		
1		0		40808		
1		0		40809		
1		0		40810		
1		0		40811		
1		0		40812		
1		0		40813		
1		0		40814		
1		0		40815		
1		0		40816		
1		0		40817		
1		0		40818		
1		0		40819		
1		0		40820		
1		0		40821		
1		0		40823		
1		0		40824		
1		0		41433		
1		0		41434		
1		0		41435		
1		0		41436		
1		0		41437		
1		0		41438		
1		0		41439		
1		0		41440		
1		0		41441		
1		0		41443		
1		0		41444		
1		0		41445		
1		0		41446		
1		0		41447		
1		0		41448		
1		0		41449		
1		0		41450		
1		0		41452		
1		0		41453		
1		0		41454		
1		0		41455		
1		0		41456		
1		0		41457		
1		0		41458		
1		0		41459		
1		0		41460		
1		0		41461		
1		0		41462		
1		0		41463		
1		0		41464		
1		0		41465		
1		0		41466		
1		0		41467		
1		0		41470		
1		0		41471		
1		0		41472		
1		0		41473		
1		0		41474		
1		0		41475		
1		0		41476		
1		0		41477		
1		0		41478		
1		0		41479		
1		0		41480		
1		0		41481		
1		0		41482		
1		0		41483		
1		0		41484		
1		0		41485		
1		0		41486		
1		0		41487		
1		0		41488		
1		0		41489		
1		0		41492		
1		0		41493		
1		0		41494		
1		0		41495		
1		0		41498		
1		0		41529		
1		0		41531		
1		0		41532		
1		0		41541		
1		0		41542		
1		0		41543		
1		0		41548		
1		0		41549		
1		0		41550		
1		0		41551		
1		0		41552		
1		0		41553		
1		0		41554		
1		0		41555		
1		0		41556		
1		0		41558		
1		0		41559		
1		0		42093		
1		0		42094		
1		0		42095		
1		0		42096		
1		0		42097		
1		0		42098		
1		0		42099		
1		0		42100		
1		0		42101		
1		0		42102		
1		0		42103		
1		0		42104		
1		0		42105		
1		0		42106		
1		0		42107		
1		0		42108		
1		0		42109		
1		0		42110		
1		0		42111		
1		0		42113		
1		0		42115		
1		0		42116		
1		0		42117		
1		0		42119		
1		0		42121		
1		0		42122		
1		0		42123		
1		0		42124		
1		0		42125		
1		0		42126		
1		0		42127		
1		0		42128		
1		0		42129		
1		0		42134		
1		0		42137		
1		0		42163		
1		0		42168		
1		0		42169		
1		0		42170		
1		0		42171		
1		0		42185		
1		0		42223		
1		0		42734		
1		0		42735		
1		0		42736		
1		0		42737		
1		0		42738		
1		0		42739		
1		0		42740		
1		0		42743		
1		0		42744		
1		0		42745		
1		0		42746		
1		0		42747		
1		0		42748		
1		0		42749		
1		0		42750		
1		0		42751		
1		0		42752		
1		0		42753		
1		0		42754		
1		0		42755		
1		0		42756		
1		0		42757		
1		0		42758		
1		0		42785		
1		0		42786		
1		0		42787		
1		0		42788		
1		0		42789		
1		0		42790		
1		0		42792		
1		0		42793		
1		0		42794		
1		0		42815		
1		0		43318		
1		0		43319		
1		0		43320		
1		0		43321		
1		0		43322		
1		0		43323		
1		0		43324		
1		0		43325		
1		0		43326		
1		0		43327		
1		0		43328		
1		0		43329		
1		0		43330		
1		0		43331		
1		0		43332		
1		0		43333		
1		0		43334		
1		0		43335		
1		0		43336		
1		0		43337		
1		0		43338		
1		0		43339		
1		0		43340		
1		0		43341		
1		0		43342		
1		0		43353		
1		0		43359		
1		0		43360		
1		0		43361		
1		0		43362		
1		0		43420		
1		0		43921		
1		0		43922		
1		0		43923		
1		0		43924		
1		0		43925		
1		0		43926		
1		0		43927		
1		0		43928		
1		0		43929		
1		0		43930		
1		0		43931		
1		0		43932		
1		0		43933		
1		0		43934		
1		0		43935		
1		0		43936		
1		0		43937		
1		0		43938		
1		0		43939		
1		0		43940		
1		0		43941		
1		0		43942		
1		0		43943		
1		0		43944		
1		0		43945		
1		0		43954		
1		0		43956		
1		0		43957		
1		0		43958		
1		0		43959		
1		0		43962		
1		0		43963		
1		0		43964		
1		0		43965		
1		0		44041		
1		0		44043		
1		0		44493		
1		0		44494		
1		0		44495		
1		0		44496		
1		0		44497		
1		0		44498		
1		0		44499		
1		0		44500		
1		0		44526		
1		0		44527		
1		0		44568		
1		0		44569		
1		0		44570		
1		0		44571		
1		0		44572		
1		0		44573		
1		0		44574		
1		0		44578		
1		0		44579		
1		0		45060		
1		0		45061		
1		0		45062		
1		0		45063		
1		0		45064		
1		0		45065		
1		0		45066		
1		0		45067		
1		0		45084		
1		0		45085		
1		0		45086		
1		0		45087		
1		0		45088		
1		0		45089		
1		0		45090		
1		0		45091		
1		0		45092		
1		0		45182		
1		0		45183		
1		0		45184		
1		0		45639		
1		0		45640		
1		0		45641		
1		0		45643		
1		0		45644		
1		0		45652		
1		0		45653		
1		0		45654		
1		0		45655		
1		0		45656		
1		0		45657		
1		0		45658		
1		0		45659		
1		0		45660		
1		0		45661		
1		0		45662		
1		0		45663		
1		0		45664		
1		0		45665		
1		0		45666		
1		0		45668		
1		0		45669		
1		0		45670		
1		0		45671		
1		0		45672		
1		0		45673		
1		0		45674		
1		0		45675		
1		0		45676		
1		0		45677		
1		0		45678		
1		0		45679		
1		0		45680		
1		0		45681		
1		0		45682		
1		0		45683		
1		0		45684		
1		0		45685		
1		0		45686		
1		0		45720		
1		0		45721		
1		0		45722		
1		0		45723		
1		0		46359		
1		0		46360		
1		0		46373		
1		0		46374		
1		0		46375		
1		0		46376		
1		0		46377		
1		0		46378		
1		0		46379		
1		0		46380		
1		0		46408		
1		0		46410		
1		0		46411		
1		0		46412		
1		0		46413		
1		0		46414		
1		0		46416		
1		0		46417		
1		0		46418		
1		0		46419		
1		0		46421		
1		0		46422		
1		0		46424		
1		0		46425		
1		0		46426		
1		0		46427		
1		0		46428		
1		0		46429		
1		0		46430		
1		0		46431		
1		0		46432		
1		0		46434		
1		0		46436		
1		0		46439		
1		0		46440		
1		0		46441		
1		0		46442		
1		0		46443		
1		0		46454		
1		0		46906		
1		0		46908		
1		0		46909		
1		0		46911		
1		0		46919		
1		0		46920		
1		0		47240		
1		0		47241		
1		0		47242		
1		0		47243		
1		0		47244		
1		0		47245		
1		0		47247		
1		0		47558		
1		0		47559		
1		0		47561		
1		0		47562		
1		0		47563		
1		0		47564		
1		0		47565		
1		0		47566		
1		0		47567		
1		0		48012		
1		0		48013		
1		0		48372		
1		0		48385		
1		0		48386		
1		0		48390		
1		0		48391		
1		0		48405		
1		0		48406		
1		0		48407		
1		0		48408		
1		0		48739		
1		0		48740		
1		0		48741		
1		0		48744		
1		0		48745		
1		0		48746		
1		0		48769		
1		0		48770		
1		0		49017		
1		0		49018		
1		0		49019		
1		0		49020		
1		0		49021		
1		0		49022		
1		0		49023		
1		0		49024		
1		0		49025		
1		0		49026		
1		0		49027		
1		0		49028		
1		0		49029		
1		0		49033		
1		0		49037		
1		0		49043		
1		0		49046		
1		0		49047		
1		0		49048		
1		0		49049		
1		0		49050		
1		0		49051		
1		0		49052		
1		0		49053		
1		0		49054		
1		0		49139		
1		0		49140		
1		0		49141		
1		0		49142		
1		0		49143		
1		0		49144		
1		0		49495		
1		0		49496		
1		0		49497		
1		0		49498		
1		0		49499		
1		0		49500		
1		0		49501		
1		0		49502		
1		0		49503		
1		0		49504		
1		0		49505		
1		0		49506		
1		0		49507		
1		0		49508		
1		0		49509		
1		0		49510		
1		0		49511		
1		0		49512		
1		0		49513		
1		0		49514		
1		0		49516		
1		0		49517		
1		0		49518		
1		0		49519		
1		0		49520		
1		0		49521		
1		0		49522		
1		0		49523		
1		0		49524		
1		0		49525		
1		0		49526		
1		0		49527		
1		0		49528		
1		0		49529		
1		0		49530		
1		0		49531		
1		0		49532		
1		0		49533		
1		0		49534		
1		0		49535		
1		0		49536		
1		0		49537		
1		0		49538		
1		0		49539		
1		0		49901		
1		0		49902		
1		0		49903		
1		0		49904		
1		0		49905		
1		0		49910		
1		0		49912		
1		0		49917		
1		0		49920		
1		0		49921		
1		0		49922		
1		0		49925		
1		0		49926		
1		0		49927		
1		0		49928		
1		0		49956		
1		0		49957		
1		0		49958		
1		0		49959		
1		0		49960		
1		0		49961		
1		0		49962		
1		0		50239		
1		0		50240		
1		0		50241		
1		0		50242		
1		0		50243		
1		0		50244		
1		0		50246		
1		0		50247		
1		0		50249		
1		0		50259		
1		0		50260		
1		0		50261		
1		0		50262		
1		0		50263		
1		0		50264		
1		0		50265		
1		0		50266		
1		0		50267		
1		0		50268		
1		0		50269		
1		0		50270		
1		0		50271		
1		0		50272		
1		0		50273		
1		0		50274		
1		0		50618		
1		0		50619		
1		0		50620		
1		0		50621		
1		0		50622		
1		0		50623		
1		0		50624		
1		0		50625		
1		0		50626		
1		0		50627		
1		0		50628		
1		0		50629		
1		0		50630		
1		0		50631		
1		0		50641		
1		0		50642		
1		0		50643		
1		0		50954		
1		0		50955		
1		0		50956		
1		0		50957		
1		0		50958		
1		0		50965		
1		0		50966		
1		0		51142		
1		0		51145		
1		0		51155		
1		0		51316		
1		0		51317		
1		0		51318		
1		0		51319		
1		0		51320		
1		0		51321		
1		0		51322		
1		0		51323		
1		0		51324		
1		0		51325		
1		0		51326		
1		0		51327		
1		0		51328		
1		0		51329		
1		0		51330		
1		0		51331		
1		0		51332		
1		0		51333		
1		0		51334		
1		0		51335		
1		0		51336		
1		0		51337		
1		0		51338		
1		0		51339		
1		0		51340		
1		0		51341		
1		0		51342		
1		0		51343		
1		0		51344		
1		0		51345		
1		0		51347		
1		0		51348		
1		0		51349		
1		0		51350		
1		0		51485		
1		0		51581		
1		0		51582		
1		0		51583		
1		0		51584		
1		0		51585		
1		0		51586		
1		0		51587		
1		0		51588		
1		0		51589		
1		0		51590		
1		0		51591		
1		0		51592		
1		0		51593		
1		0		51594		
1		0		51812		
1		0		51813		
1		0		51814		
1		0		51815		
1		0		51816		
1		0		51818		
1		0		51819		
1		0		51820		
1		0		51821		
1		0		51822		
1		0		51823		
1		0		51824		
1		0		51825		
1		0		51826		
1		0		51827		
1		0		51828		
1		0		51829		
1		0		51830		
1		0		51831		
1		0		51832		
1		0		51940		
1		0		51949		
1		0		52054		
1		0		52055		
1		0		52056		
1		0		52057		
1		0		52058		
1		0		52059		
1		0		52060		
1		0		52061		
1		0		52062		
1		0		52063		
1		0		52064		
1		0		52065		
1		0		52066		
1		0		52067		
1		0		52068		
1		0		52129		
1		0		52134		
1		0		52212		
1		0		52213		
1		0		52377		
1		0		52378		
1		0		52379		
1		0		52380		
1		0		52381		
1		0		52382		
1		0		52383		
1		0		52384		
1		0		52385		
1		0		52386		
1		0		52425		
1		0		52426		
1		0		52427		
1		0		52428		
1		0		52429		
1		0		52430		
1		0		52431		
1		0		52432		
1		0		52433		
1		0		52434		
1		0		52435		
1		0		52436		
1		0		52437		
1		0		52438		
1		0		52439		
1		0		52440		
1		0		52441		
1		0		52599		
1		0		52600		
1		0		52601		
1		0		52602		
1		0		52603		
1		0		52604		
1		0		52680		
1		0		52681		
1		0		52682		
1		0		52683		
1		0		52684		
1		0		52685		
1		0		52686		
1		0		52792		
1		0		52793		
1		0		52794		
1		0		52795		
1		0		52796		
1		0		52847		
1		0		52848		
1		0		52849		
1		0		53009		
1		0		53010		
1		0		53011		
1		0		53012		
1		0		53013		
1		0		53014		
1		0		53015		
1		0		53185		
1		0		53186		
1		0		53187		
1		0		53188		
1		0		53189		
1		0		53190		
1		0		53191		
1		0		53340		
1		0		53341		
1		0		53342		
1		0		53343		
1		0		53344		
1		0		53345		
1		0		53542		
1		0		53543		
1		0		53544		
1		0		53545		
1		0		53546		
1		0		53547		
1		0		53548		
1		0		53549		
1		0		53550		
1		0		53551		
1		0		53552		
1		0		53553		
1		0		53554		
1		0		53555		
1		0		53556		
1		0		53557		
1		0		53558		
1		0		53704		
1		0		53705		
1		0		53706		
1		0		53707		
1		0		53708		
1		0		53895		
1		0		53896		
1		0		53897		
1		0		53898		
1		0		53899		
1		0		53900		
1		0		53901		
1		0		53902		
1		0		53903		
1		0		53904		
1		0		53905		
1		0		53906		
1		0		53907		
1		0		53908		
1		0		53909		
1		0		53910		
1		0		53911		
1		0		54023		
1		0		54024		
1		0		54025		
1		0		54026		
1		0		54027		
1		0		54028		
1		0		54029		
1		0		54030		
1		0		54031		
1		0		54032		
1		0		54033		
1		0		54034		
1		0		54035		
1		0		54036		
1		0		54037		
1		0		54038		
1		0		54039		
1		0		54128		
1		0		54129		
1		0		54130		
1		0		54131		
1		0		54132		
1		0		54133		
1		0		54134		
1		0		54137		
1		0		54209		
1		0		54210		
1		0		54211		
1		0		54212		
1		0		54213		
1		0		54214		
1		0		54227		
1		0		54233		
1		0		54234		
1		0		54235		
1		0		56514		
1		0		56683		
1		0		56686		
1		0		56687		
1		0		56728		
1		0		56729		
1		0		56754		
1		0		56755		
1		0		56952		
1		0		57093		
1		0		57134		
1		0		57135		
1		0		57136		
1		0		57172		
1		0		57173		
1		0		57174		
1		0		57175		
1		0		57176		
1		0		57177		
1		0		57178		
1		0		57209		
1		0		57780		
1		0		57781		
1		0		57782		
1		0		57814		
1		0		57861		
1		0		57862		
1		0		57873		
1		0		57874		
1		0		57875		
1		0		57876		
1		0		57877		
1		0		57878		
1		0		57880		
1		0		57981		
1		0		58014		
1		0		58015		
1		0		58016		
1		0		58017		
1		0		58018		
1		0		58019		
1		0		58021		
1		0		58022		
1		0		58023		
1		0		58024		
1		0		58025		
1		0		58026		
1		0		58027		
1		0		58028		
1		0		58029		
1		0		58030		
1		0		58031		
1		0		58032		
1		0		58033		
1		0		58034		
1		0		58035		
1		0		58036		
1		0		58037		
1		0		58038		
1		0		58039		
1		0		58040		
1		0		58041		
1		0		58042		
1		0		58043		
1		0		58044		
1		0		58045		
1		0		58046		
1		0		58047		
1		0		58048		
1		0		58049		
1		0		58050		
1		0		58051		
1		0		58052		
1		0		58067		
1		0		58068		
1		0		58069		
1		0		58070		
1		0		58071		
1		0		58072		
1		0		58073		
1		0		58074		
1		0		58075		
1		0		58076		
1		0		58126		
1		0		58127		
1		0		58128		
1		0		58129		
1		0		59056		
1		0		59140		
1		0		59152		
1		0		59153		
1		0		59154		
1		0		59155		
1		0		59156		
1		0		59157		
1		0		59158		
1		0		59185		
1		0		59256		
1		0		59265		
1		0		59613		