1		0		9783		
1		0		9785		
1		0		11576		
1		0		11994		
1		0		11995		
1		0		11997		
1		0		11999		
1		0		12000		
1		0		12002		
1		0		12004		
1		0		12005		
1		0		12006		
1		0		12007		
1		0		12008		
1		0		12010		
1		0		12012		
1		0		12016		
1		0		12017		
1		0		12018		
1		0		12020		
1		0		12021		
1		0		12023		
1		0		12025		
1		0		12026		
1		0		12027		
1		0		12028		
1		0		12029		
1		0		12030		
1		0		12031		
1		0		12032		
1		0		12033		
1		0		12034		
1		0		12035		
1		0		12561		
1		0		12565		
1		0		12566		
1		0		12567		
1		0		12568		
1		0		12572		
1		0		12574		
1		0		12575		
1		0		12576		
1		0		12577		
1		0		12578		
1		0		12579		
1		0		12580		
1		0		12581		
1		0		12582		
1		0		12583		
1		0		12937		
1		0		12938		
1		0		12939		
1		0		12940		
1		0		12945		
1		0		13479		
1		0		13480		
1		0		13482		
1		0		13483		
1		0		13484		
1		0		13485		
1		0		13486		
1		0		13487		
1		0		13488		
1		0		13803		
1		0		13804		
1		0		13805		
1		0		13806		
1		0		13807		
1		0		13808		
1		0		13809		
1		0		13810		
1		0		13815		
1		0		13816		
1		0		13872		
1		0		14235		
1		0		14236		
1		0		14237		
1		0		14238		
1		0		14239		
1		0		14240		
1		0		14241		
1		0		14242		
1		0		14243		
1		0		14244		
1		0		14245		
1		0		14246		
1		0		14247		
1		0		14248		
1		0		14249		
1		0		14250		
1		0		14252		
1		0		14253		
1		0		14254		
1		0		14255		
1		0		14256		
1		0		14257		
1		0		14258		
1		0		14259		
1		0		14260		
1		0		14261		
1		0		14262		
1		0		14263		
1		0		14264		
1		0		14265		
1		0		14266		
1		0		14267		
1		0		14268		
1		0		14269		
1		0		14270		
1		0		14271		
1		0		14272		
1		0		14273		
1		0		14274		
1		0		14275		
1		0		14276		
1		0		14277		
1		0		14278		
1		0		14279		
1		0		14280		
1		0		14281		
1		0		14282		
1		0		14283		
1		0		14284		
1		0		14285		
1		0		14286		
1		0		14287		
1		0		14288		
1		0		14290		
1		0		14291		
1		0		14292		
1		0		14293		
1		0		14294		
1		0		14295		
1		0		14296		
1		0		14297		
1		0		14298		
1		0		14299		
1		0		14300		
1		0		14301		
1		0		14302		
1		0		14303		
1		0		14304		
1		0		14305		
1		0		14306		
1		0		14307		
1		0		14308		
1		0		14309		
1		0		14310		
1		0		14311		
1		0		14312		
1		0		14313		
1		0		14314		
1		0		14692		
1		0		14693		
1		0		14694		
1		0		14695		
1		0		14696		
1		0		14697		
1		0		14703		
1		0		14704		
1		0		14705		
1		0		14738		
1		0		14742		
1		0		15230		
1		0		15231		
1		0		15233		
1		0		15234		
1		0		15235		
1		0		15236		
1		0		15237		
1		0		15238		
1		0		15239		
1		0		15240		
1		0		15241		
1		0		15242		
1		0		15243		
1		0		15244		
1		0		15245		
1		0		15246		
1		0		15247		
1		0		15248		
1		0		15249		
1		0		15250		
1		0		15251		
1		0		15252		
1		0		15253		
1		0		15254		
1		0		15255		
1		0		15256		
1		0		15258		
1		0		15259		
1		0		15260		
1		0		15261		
1		0		15262		
1		0		15263		
1		0		15265		
1		0		15610		
1		0		15611		
1		0		15612		
1		0		15613		
1		0		15662		
1		0		15666		
1		0		16159		
1		0		16160		
1		0		16161		
1		0		16162		
1		0		16163		
1		0		16164		
1		0		16165		
1		0		16166		
1		0		16167		
1		0		16168		
1		0		16170		
1		0		16171		
1		0		16172		
1		0		16173		
1		0		16174		
1		0		16175		
1		0		16176		
1		0		16177		
1		0		16178		
1		0		16179		
1		0		16180		
1		0		16181		
1		0		16182		
1		0		16183		
1		0		16184		
1		0		16185		
1		0		16186		
1		0		16544		
1		0		16545		
1		0		16546		
1		0		16547		
1		0		16548		
1		0		16549		
1		0		16550		
1		0		16551		
1		0		16552		
1		0		16553		
1		0		16554		
1		0		16555		
1		0		16556		
1		0		16557		
1		0		16558		
1		0		16559		
1		0		16560		
1		0		16627		
1		0		16628		
1		0		16631		
1		0		16632		
1		0		17014		
1		0		17029		
1		0		17031		
1		0		17032		
1		0		17033		
1		0		17034		
1		0		17035		
1		0		17036		
1		0		17037		
1		0		17038		
1		0		17039		
1		0		17040		
1		0		17041		
1		0		17042		
1		0		17043		
1		0		17044		
1		0		17045		
1		0		17046		
1		0		17047		
1		0		17048		
1		0		17049		
1		0		17050		
1		0		17051		
1		0		17052		
1		0		17053		
1		0		17054		
1		0		17450		
1		0		17451		
1		0		17452		
1		0		17453		
1		0		17454		
1		0		17455		
1		0		17456		
1		0		17457		
1		0		17458		
1		0		17459		
1		0		17460		
1		0		17461		
1		0		17462		
1		0		17463		
1		0		17464		
1		0		17465		
1		0		17466		
1		0		17468		
1		0		17474		
1		0		17475		
1		0		17477		
1		0		17506		
1		0		17507		
1		0		17508		
1		0		17509		
1		0		17510		
1		0		17511		
1		0		17512		
1		0		17513		
1		0		17514		
1		0		17516		
1		0		17527		
1		0		17528		
1		0		17834		
1		0		17835		
1		0		17838		
1		0		17839		
1		0		17840		
1		0		17841		
1		0		17842		
1		0		17843		
1		0		17844		
1		0		17845		
1		0		17846		
1		0		17847		
1		0		17848		
1		0		17850		
1		0		17851		
1		0		17852		
1		0		17853		
1		0		17854		
1		0		17855		
1		0		17856		
1		0		17857		
1		0		17858		
1		0		17879		
1		0		18378		
1		0		18379		
1		0		18380		
1		0		18381		
1		0		18382		
1		0		18383		
1		0		18384		
1		0		18386		
1		0		18387		
1		0		18388		
1		0		18389		
1		0		18427		
1		0		18428		
1		0		18429		
1		0		18430		
1		0		18431		
1		0		18444		
1		0		18445		
1		0		18761		
1		0		18762		
1		0		18763		
1		0		18764		
1		0		18765		
1		0		18766		
1		0		18767		
1		0		18771		
1		0		18772		
1		0		18773		
1		0		18774		
1		0		18775		
1		0		18776		
1		0		18777		
1		0		18778		
1		0		18779		
1		0		18780		
1		0		18781		
1		0		18782		
1		0		18783		
1		0		18784		
1		0		18785		
1		0		18786		
1		0		18787		
1		0		18788		
1		0		18789		
1		0		18790		
1		0		18791		
1		0		18792		
1		0		18793		
1		0		18794		
1		0		18795		
1		0		18797		
1		0		18798		
1		0		18799		
1		0		18800		
1		0		18801		
1		0		18802		
1		0		18803		
1		0		18804		
1		0		18805		
1		0		18807		
1		0		18808		
1		0		18809		
1		0		18810		
1		0		18811		
1		0		18812		
1		0		18813		
1		0		18814		
1		0		18815		
1		0		18816		
1		0		18817		
1		0		18818		
1		0		18820		
1		0		18821		
1		0		18822		
1		0		18823		
1		0		18824		
1		0		18825		
1		0		18826		
1		0		18827		
1		0		18844		
1		0		19218		
1		0		19219		
1		0		19220		
1		0		19221		
1		0		19244		
1		0		19245		
1		0		19246		
1		0		19247		
1		0		19248		
1		0		19249		
1		0		19250		
1		0		19574		
1		0		19575		
1		0		19576		
1		0		19580		
1		0		19581		
1		0		19582		
1		0		19583		
1		0		19584		
1		0		19585		
1		0		19586		
1		0		19587		
1		0		19588		
1		0		19589		
1		0		19590		
1		0		19591		
1		0		19592		
1		0		19593		
1		0		19594		
1		0		19595		
1		0		19597		
1		0		19598		
1		0		19599		
1		0		19600		
1		0		19601		
1		0		19602		
1		0		19603		
1		0		19604		
1		0		19605		
1		0		19606		
1		0		19607		
1		0		19608		
1		0		19609		
1		0		19610		
1		0		19611		
1		0		19612		
1		0		19613		
1		0		19614		
1		0		19615		
1		0		19616		
1		0		19617		
1		0		19618		
1		0		19619		
1		0		19620		
1		0		19621		
1		0		19623		
1		0		19625		
1		0		19626		
1		0		19627		
1		0		19628		
1		0		19629		
1		0		19630		
1		0		19631		
1		0		19632		
1		0		19633		
1		0		19634		
1		0		19635		
1		0		19636		
1		0		19637		
1		0		19638		
1		0		19640		
1		0		19641		
1		0		19642		
1		0		19664		
1		0		19666		
1		0		19667		
1		0		20020		
1		0		20021		
1		0		20022		
1		0		20023		
1		0		20024		
1		0		20076		
1		0		20077		
1		0		20078		
1		0		20079		
1		0		20080		
1		0		20081		
1		0		20082		
1		0		20083		
1		0		20084		
1		0		20085		
1		0		20086		
1		0		20089		
1		0		20571		
1		0		20572		
1		0		20573		
1		0		20574		
1		0		20575		
1		0		20576		
1		0		20577		
1		0		20578		
1		0		20579		
1		0		20580		
1		0		20581		
1		0		20582		
1		0		20583		
1		0		20584		
1		0		20585		
1		0		20586		
1		0		20587		
1		0		20588		
1		0		20589		
1		0		20590		
1		0		20591		
1		0		20592		
1		0		20593		
1		0		20594		
1		0		20595		
1		0		20596		
1		0		20597		
1		0		20598		
1		0		20599		
1		0		20600		
1		0		20601		
1		0		20602		
1		0		20603		
1		0		20604		
1		0		20605		
1		0		20606		
1		0		20607		
1		0		20608		
1		0		20609		
1		0		20610		
1		0		20611		
1		0		20612		
1		0		20613		
1		0		20614		
1		0		20615		
1		0		20616		
1		0		20617		
1		0		20618		
1		0		20619		
1		0		20620		
1		0		20621		
1		0		20622		
1		0		20623		
1		0		20625		
1		0		20626		
1		0		20627		
1		0		20628		
1		0		20629		
1		0		20630		
1		0		20631		
1		0		20632		
1		0		20633		
1		0		20634		
1		0		20635		
1		0		20636		
1		0		20637		
1		0		20638		
1		0		20658		
1		0		20659		
1		0		20660		
1		0		20661		
1		0		20662		
1		0		20663		
1		0		20664		
1		0		20665		
1		0		20666		
1		0		20667		
1		0		20668		
1		0		20669		
1		0		20670		
1		0		20671		
1		0		21083		
1		0		21084		
1		0		21122		
1		0		21123		
1		0		21124		
1		0		21125		
1		0		21126		
1		0		21127		
1		0		21128		
1		0		21129		
1		0		21130		
1		0		21131		
1		0		21132		
1		0		21133		
1		0		21134		
1		0		21135		
1		0		21136		
1		0		21137		
1		0		21138		
1		0		21139		
1		0		21140		
1		0		21141		
1		0		21142		
1		0		21143		
1		0		21144		
1		0		21145		
1		0		21146		
1		0		21147		
1		0		21148		
1		0		21149		
1		0		21150		
1		0		21151		
1		0		21152		
1		0		21153		
1		0		21154		
1		0		21155		
1		0		21156		
1		0		21158		
1		0		21159		
1		0		21160		
1		0		21161		
1		0		21589		
1		0		21590		
1		0		21591		
1		0		21592		
1		0		21593		
1		0		21594		
1		0		21595		
1		0		21596		
1		0		21597		
1		0		21598		
1		0		21599		
1		0		21600		
1		0		21601		
1		0		21602		
1		0		21603		
1		0		21604		
1		0		21605		
1		0		21606		
1		0		21607		
1		0		21608		
1		0		21609		
1		0		21610		
1		0		21611		
1		0		21612		
1		0		21613		
1		0		21614		
1		0		21615		
1		0		21616		
1		0		21617		
1		0		21618		
1		0		21619		
1		0		21620		
1		0		21621		
1		0		21622		
1		0		21623		
1		0		21624		
1		0		21625		
1		0		21626		
1		0		21627		
1		0		21628		
1		0		21629		
1		0		21630		
1		0		21631		
1		0		21632		
1		0		21633		
1		0		21634		
1		0		21635		
1		0		21636		
1		0		21637		
1		0		21638		
1		0		21639		
1		0		21703		
1		0		21704		
1		0		21705		
1		0		21706		
1		0		21707		
1		0		22096		
1		0		22097		
1		0		22098		
1		0		22099		
1		0		22100		
1		0		22101		
1		0		22102		
1		0		22103		
1		0		22104		
1		0		22105		
1		0		22106		
1		0		22107		
1		0		22108		
1		0		22109		
1		0		22110		
1		0		22111		
1		0		22112		
1		0		22113		
1		0		22115		
1		0		22116		
1		0		22117		
1		0		22118		
1		0		22119		
1		0		22120		
1		0		22121		
1		0		22122		
1		0		22123		
1		0		22124		
1		0		22125		
1		0		22126		
1		0		22127		
1		0		22128		
1		0		22129		
1		0		22130		
1		0		22133		
1		0		22134		
1		0		22473		
1		0		22474		
1		0		22475		
1		0		22476		
1		0		22477		
1		0		22478		
1		0		22479		
1		0		22480		
1		0		22481		
1		0		22482		
1		0		22483		
1		0		22484		
1		0		22485		
1		0		22486		
1		0		22487		
1		0		22488		
1		0		22489		
1		0		22490		
1		0		22493		
1		0		22506		
1		0		22507		
1		0		22508		
1		0		22509		
1		0		22510		
1		0		22511		
1		0		22512		
1		0		22513		
1		0		22514		
1		0		22515		
1		0		22928		
1		0		22929		
1		0		22930		
1		0		22931		
1		0		22932		
1		0		22933		
1		0		22934		
1		0		22935		
1		0		22936		
1		0		22938		
1		0		22939		
1		0		22940		
1		0		22941		
1		0		22942		
1		0		22943		
1		0		22944		
1		0		22945		
1		0		22946		
1		0		22948		
1		0		23284		
1		0		23314		
1		0		23329		
1		0		23336		
1		0		23358		
1		0		23359		
1		0		23360		
1		0		23361		
1		0		23362		
1		0		23363		
1		0		23364		
1		0		23365		
1		0		23366		
1		0		23367		
1		0		23368		
1		0		23369		
1		0		23370		
1		0		23371		
1		0		23372		
1		0		23373		
1		0		23374		
1		0		23375		
1		0		23376		
1		0		23377		
1		0		23382		
1		0		23384		
1		0		23385		
1		0		23386		
1		0		23387		
1		0		23388		
1		0		23389		
1		0		23390		
1		0		23391		
1		0		23392		
1		0		23393		
1		0		23394		
1		0		23395		
1		0		23396		
1		0		23397		
1		0		23400		
1		0		23401		
1		0		23402		
1		0		23403		
1		0		23404		
1		0		23405		
1		0		23406		
1		0		23407		
1		0		23423		
1		0		23424		
1		0		23425		
1		0		23426		
1		0		23916		
1		0		23919		
1		0		23920		
1		0		23921		
1		0		23922		
1		0		23923		
1		0		23924		
1		0		23925		
1		0		23926		
1		0		23927		
1		0		23928		
1		0		23929		
1		0		23930		
1		0		23931		
1		0		23932		
1		0		23933		
1		0		23934		
1		0		23935		
1		0		23936		
1		0		23937		
1		0		23938		
1		0		23939		
1		0		23940		
1		0		23941		
1		0		23942		
1		0		23943		
1		0		23944		
1		0		23945		
1		0		23946		
1		0		23947		
1		0		23948		
1		0		23949		
1		0		23950		
1		0		23951		
1		0		23952		
1		0		23953		
1		0		23954		
1		0		23955		
1		0		23956		
1		0		23957		
1		0		23958		
1		0		23959		
1		0		23960		
1		0		23961		
1		0		23962		
1		0		23966		
1		0		24351		
1		0		24372		
1		0		24373		
1		0		24375		
1		0		24381		
1		0		24382		
1		0		24384		
1		0		24385		
1		0		24387		
1		0		24389		
1		0		24390		
1		0		24391		
1		0		24392		
1		0		24393		
1		0		24394		
1		0		24395		
1		0		24397		
1		0		24398		
1		0		24399		
1		0		24421		
1		0		24422		
1		0		24423		
1		0		24424		
1		0		24425		
1		0		24426		
1		0		24427		
1		0		24428		
1		0		24429		
1		0		24430		
1		0		24431		
1		0		24432		
1		0		24433		
1		0		24434		
1		0		24435		
1		0		24436		
1		0		24437		
1		0		24438		
1		0		24439		
1		0		24440		
1		0		24441		
1		0		24442		
1		0		24443		
1		0		24444		
1		0		24445		
1		0		24446		
1		0		24447		
1		0		24448		
1		0		24449		
1		0		24461		
1		0		24462		
1		0		24463		
1		0		24464		
1		0		24465		
1		0		24466		
1		0		24467		
1		0		24468		
1		0		24469		
1		0		24470		
1		0		24472		
1		0		24474		
1		0		24475		
1		0		24477		
1		0		24483		
1		0		24486		
1		0		24487		
1		0		24488		
1		0		24489		
1		0		24490		
1		0		24491		
1		0		24492		
1		0		24493		
1		0		24494		
1		0		24495		
1		0		24496		
1		0		24497		
1		0		24498		
1		0		24501		
1		0		24503		
1		0		24504		
1		0		24505		
1		0		24506		
1		0		24507		
1		0		24508		
1		0		24509		
1		0		24510		
1		0		24511		
1		0		24512		
1		0		24513		
1		0		24514		
1		0		24901		
1		0		24902		
1		0		24903		
1		0		24904		
1		0		24905		
1		0		24906		
1		0		24907		
1		0		24908		
1		0		24909		
1		0		24910		
1		0		24911		
1		0		24912		
1		0		24913		
1		0		24914		
1		0		24915		
1		0		24916		
1		0		24917		
1		0		24918		
1		0		24919		
1		0		24920		
1		0		24921		
1		0		24935		
1		0		25271		
1		0		25272		
1		0		25275		
1		0		25285		
1		0		25286		
1		0		25287		
1		0		25332		
1		0		25333		
1		0		25334		
1		0		25335		
1		0		25336		
1		0		25337		
1		0		25338		
1		0		25339		
1		0		25340		
1		0		25341		
1		0		25342		
1		0		25343		
1		0		25344		
1		0		25345		
1		0		25346		
1		0		25347		
1		0		25348		
1		0		25349		
1		0		25350		
1		0		25351		
1		0		25352		
1		0		25353		
1		0		25354		
1		0		25355		
1		0		25356		
1		0		25357		
1		0		25358		
1		0		25359		
1		0		25360		
1		0		25361		
1		0		25362		
1		0		25363		
1		0		25364		
1		0		25365		
1		0		25366		
1		0		25367		
1		0		25368		
1		0		25369		
1		0		25370		
1		0		25378		
1		0		25379		
1		0		25380		
1		0		25381		
1		0		25383		
1		0		25384		
1		0		25385		
1		0		25386		
1		0		25388		
1		0		25389		
1		0		25390		
1		0		25391		
1		0		25392		
1		0		25393		
1		0		25394		
1		0		25395		
1		0		25396		
1		0		25397		
1		0		25398		
1		0		25399		
1		0		25400		
1		0		25401		
1		0		25402		
1		0		25403		
1		0		25412		
1		0		25414		
1		0		25415		
1		0		25416		
1		0		25420		
1		0		25421		
1		0		25422		
1		0		25423		
1		0		25424		
1		0		25425		
1		0		25426		
1		0		25427		
1		0		25428		
1		0		25429		
1		0		25430		
1		0		25431		
1		0		25432		
1		0		25433		
1		0		25434		
1		0		25435		
1		0		25436		
1		0		25437		
1		0		25819		
1		0		25820		
1		0		25821		
1		0		25822		
1		0		25823		
1		0		25824		
1		0		25825		
1		0		25826		
1		0		25827		
1		0		25828		
1		0		25829		
1		0		25830		
1		0		25831		
1		0		25832		
1		0		25833		
1		0		25834		
1		0		25835		
1		0		25836		
1		0		25837		
1		0		25838		
1		0		25839		
1		0		25840		
1		0		25841		
1		0		25842		
1		0		25843		
1		0		25844		
1		0		25845		
1		0		25846		
1		0		25847		
1		0		25848		
1		0		25849		
1		0		25850		
1		0		25851		
1		0		25852		
1		0		25853		
1		0		25854		
1		0		25855		
1		0		25856		
1		0		25857		
1		0		25858		
1		0		25859		
1		0		25860		
1		0		25861		
1		0		25862		
1		0		25863		
1		0		25864		
1		0		25865		
1		0		25866		
1		0		25868		
1		0		25869		
1		0		25870		
1		0		25871		
1		0		25872		
1		0		25873		
1		0		25874		
1		0		25875		
1		0		25876		
1		0		25877		
1		0		25878		
1		0		25879		
1		0		25880		
1		0		25881		
1		0		25882		
1		0		25883		
1		0		25884		
1		0		25885		
1		0		25886		
1		0		25887		
1		0		25888		
1		0		25889		
1		0		25890		
1		0		25891		
1		0		25892		
1		0		25893		
1		0		25894		
1		0		25895		
1		0		25896		
1		0		25897		
1		0		25898		
1		0		25899		
1		0		25900		
1		0		25901		
1		0		25902		
1		0		25903		
1		0		25904		
1		0		25905		
1		0		25906		
1		0		25907		
1		0		25908		
1		0		25909		
1		0		25910		
1		0		25911		
1		0		25912		
1		0		25913		
1		0		25914		
1		0		25915		
1		0		25916		
1		0		25917		
1		0		25919		
1		0		25920		
1		0		25921		
1		0		25922		
1		0		25923		
1		0		26293		
1		0		26295		
1		0		26296		
1		0		26297		
1		0		26298		
1		0		26299		
1		0		26300		
1		0		26310		
1		0		26314		
1		0		26315		
1		0		26316		
1		0		26317		
1		0		26318		
1		0		26319		
1		0		26321		
1		0		26322		
1		0		26323		
1		0		26335		
1		0		26336		
1		0		26337		
1		0		26338		
1		0		26339		
1		0		26340		
1		0		26343		
1		0		26344		
1		0		26345		
1		0		26346		
1		0		26347		
1		0		26348		
1		0		26349		
1		0		26350		
1		0		26351		
1		0		26352		
1		0		26353		
1		0		26354		
1		0		26381		
1		0		26382		
1		0		26383		
1		0		26384		
1		0		26385		
1		0		26386		
1		0		26387		
1		0		26388		
1		0		26389		
1		0		26390		
1		0		26391		
1		0		26392		
1		0		26393		
1		0		26394		
1		0		26395		
1		0		26396		
1		0		26397		
1		0		26398		
1		0		26399		
1		0		26400		
1		0		26401		
1		0		26402		
1		0		26403		
1		0		26404		
1		0		26405		
1		0		26406		
1		0		26407		
1		0		26408		
1		0		26409		
1		0		26410		
1		0		26411		
1		0		26412		
1		0		26413		
1		0		26414		
1		0		26415		
1		0		26416		
1		0		26417		
1		0		26418		
1		0		26419		
1		0		26420		
1		0		26421		
1		0		26422		
1		0		26423		
1		0		26424		
1		0		26425		
1		0		26426		
1		0		26427		
1		0		26428		
1		0		26429		
1		0		26430		
1		0		26431		
1		0		26432		
1		0		26433		
1		0		26434		
1		0		26435		
1		0		26436		
1		0		26437		
1		0		26438		
1		0		26439		
1		0		26440		
1		0		26441		
1		0		26442		
1		0		26443		
1		0		26444		
1		0		26445		
1		0		26446		
1		0		26447		
1		0		26448		
1		0		26452		
1		0		26453		
1		0		26454		
1		0		26651		
1		0		26652		
1		0		26653		
1		0		26656		
1		0		26657		
1		0		26658		
1		0		26659		
1		0		26660		
1		0		26661		
1		0		26662		
1		0		26663		
1		0		26664		
1		0		26665		
1		0		26666		
1		0		26667		
1		0		26668		
1		0		26669		
1		0		26670		
1		0		26671		
1		0		26672		
1		0		26673		
1		0		26674		
1		0		26675		
1		0		26676		
1		0		26677		
1		0		26678		
1		0		26679		
1		0		26680		
1		0		26681		
1		0		26683		
1		0		26684		
1		0		26685		
1		0		26686		
1		0		26687		
1		0		26688		
1		0		26689		
1		0		26690		
1		0		26691		
1		0		26692		
1		0		26694		
1		0		26695		
1		0		26696		
1		0		26697		
1		0		26699		
1		0		26702		
1		0		26703		
1		0		26704		
1		0		26705		
1		0		26706		
1		0		26707		
1		0		26708		
1		0		26709		
1		0		26710		
1		0		26711		
1		0		26712		
1		0		26713		
1		0		26715		
1		0		26716		
1		0		26718		
1		0		26719		
1		0		26720		
1		0		26721		
1		0		26722		
1		0		26723		
1		0		26724		
1		0		26725		
1		0		26726		
1		0		26727		
1		0		26728		
1		0		26729		
1		0		27134		
1		0		27135		
1		0		27136		
1		0		27143		
1		0		27144		
1		0		27145		
1		0		27146		
1		0		27147		
1		0		27148		
1		0		27149		
1		0		27161		
1		0		27162		
1		0		27163		
1		0		27164		
1		0		27165		
1		0		27166		
1		0		27167		
1		0		27168		
1		0		27169		
1		0		27170		
1		0		27171		
1		0		27172		
1		0		27173		
1		0		27174		
1		0		27175		
1		0		27176		
1		0		27177		
1		0		27178		
1		0		27179		
1		0		27180		
1		0		27181		
1		0		27182		
1		0		27183		
1		0		27184		
1		0		27185		
1		0		27186		
1		0		27187		
1		0		27188		
1		0		27189		
1		0		27190		
1		0		27191		
1		0		27192		
1		0		27193		
1		0		27194		
1		0		27195		
1		0		27196		
1		0		27197		
1		0		27198		
1		0		27228		
1		0		27229		
1		0		27230		
1		0		27231		
1		0		27232		
1		0		27233		
1		0		27234		
1		0		27235		
1		0		27238		
1		0		27239		
1		0		27240		
1		0		27241		
1		0		27242		
1		0		27243		
1		0		27244		
1		0		27245		
1		0		27246		
1		0		27247		
1		0		27248		
1		0		27249		
1		0		27250		
1		0		27251		
1		0		27252		
1		0		27253		
1		0		27254		
1		0		27255		
1		0		27256		
1		0		27257		
1		0		27258		
1		0		27259		
1		0		27260		
1		0		27261		
1		0		27262		
1		0		27263		
1		0		27264		
1		0		27265		
1		0		27266		
1		0		27267		
1		0		27268		
1		0		27269		
1		0		27270		
1		0		27271		
1		0		27272		
1		0		27273		
1		0		27274		
1		0		27275		
1		0		27276		
1		0		27277		
1		0		27278		
1		0		27279		
1		0		27280		
1		0		27281		
1		0		27282		
1		0		27283		
1		0		27284		
1		0		27285		
1		0		27286		
1		0		27298		
1		0		27300		
1		0		27301		
1		0		27302		
1		0		27532		
1		0		27533		
1		0		27535		
1		0		27536		
1		0		27537		
1		0		27538		
1		0		27539		
1		0		27540		
1		0		27541		
1		0		27542		
1		0		27543		
1		0		27544		
1		0		27545		
1		0		27546		
1		0		27547		
1		0		27548		
1		0		27549		
1		0		27550		
1		0		27551		
1		0		27552		
1		0		27553		
1		0		27554		
1		0		27555		
1		0		27556		
1		0		27557		
1		0		27558		
1		0		27559		
1		0		27560		
1		0		27562		
1		0		27564		
1		0		27565		
1		0		27570		
1		0		27571		
1		0		27572		
1		0		27574		
1		0		27575		
1		0		27576		
1		0		27577		
1		0		27578		
1		0		27579		
1		0		27580		
1		0		27581		
1		0		27582		
1		0		27583		
1		0		27584		
1		0		27585		
1		0		27586		
1		0		27587		
1		0		27588		
1		0		27589		
1		0		27590		
1		0		27591		
1		0		27592		
1		0		27593		
1		0		27594		
1		0		27595		
1		0		27596		
1		0		27970		
1		0		27971		
1		0		27972		
1		0		27973		
1		0		27974		
1		0		27975		
1		0		27984		
1		0		27985		
1		0		27987		
1		0		27988		
1		0		27989		
1		0		27991		
1		0		27992		
1		0		27993		
1		0		27994		
1		0		27996		
1		0		28003		
1		0		28004		
1		0		28005		
1		0		28006		
1		0		28007		
1		0		28008		
1		0		28009		
1		0		28010		
1		0		28011		
1		0		28012		
1		0		28013		
1		0		28014		
1		0		28015		
1		0		28016		
1		0		28017		
1		0		28018		
1		0		28019		
1		0		28020		
1		0		28021		
1		0		28022		
1		0		28023		
1		0		28024		
1		0		28025		
1		0		28026		
1		0		28027		
1		0		28028		
1		0		28029		
1		0		28030		
1		0		28031		
1		0		28032		
1		0		28033		
1		0		28034		
1		0		28035		
1		0		28036		
1		0		28037		
1		0		28038		
1		0		28039		
1		0		28040		
1		0		28041		
1		0		28042		
1		0		28043		
1		0		28044		
1		0		28045		
1		0		28046		
1		0		28048		
1		0		28049		
1		0		28050		
1		0		28051		
1		0		28052		
1		0		28053		
1		0		28054		
1		0		28055		
1		0		28056		
1		0		28057		
1		0		28058		
1		0		28059		
1		0		28060		
1		0		28061		
1		0		28062		
1		0		28063		
1		0		28064		
1		0		28065		
1		0		28066		
1		0		28067		
1		0		28068		
1		0		28069		
1		0		28070		
1		0		28071		
1		0		28072		
1		0		28073		
1		0		28074		
1		0		28075		
1		0		28076		
1		0		28077		
1		0		28078		
1		0		28079		
1		0		28080		
1		0		28081		
1		0		28082		
1		0		28083		
1		0		28084		
1		0		28085		
1		0		28086		
1		0		28087		
1		0		28088		
1		0		28089		
1		0		28090		
1		0		28091		
1		0		28092		
1		0		28093		
1		0		28094		
1		0		28099		
1		0		28329		
1		0		28330		
1		0		28331		
1		0		28332		
1		0		28333		
1		0		28334		
1		0		28335		
1		0		28336		
1		0		28337		
1		0		28338		
1		0		28339		
1		0		28340		
1		0		28341		
1		0		28342		
1		0		28343		
1		0		28344		
1		0		28345		
1		0		28346		
1		0		28347		
1		0		28348		
1		0		28349		
1		0		28350		
1		0		28351		
1		0		28352		
1		0		28353		
1		0		28354		
1		0		28358		
1		0		28359		
1		0		28360		
1		0		28361		
1		0		28362		
1		0		28363		
1		0		28364		
1		0		28365		
1		0		28366		
1		0		28367		
1		0		28730		
1		0		28731		
1		0		28732		
1		0		28733		
1		0		28734		
1		0		28735		
1		0		28736		
1		0		28737		
1		0		28738		
1		0		28739		
1		0		28740		
1		0		28741		
1		0		28742		
1		0		28743		
1		0		28744		
1		0		28746		
1		0		28747		
1		0		28748		
1		0		28749		
1		0		28750		
1		0		28751		
1		0		28752		
1		0		28753		
1		0		28754		
1		0		28755		
1		0		28756		
1		0		28757		
1		0		28758		
1		0		28759		
1		0		28760		
1		0		28763		
1		0		28764		
1		0		28765		
1		0		28766		
1		0		28768		
1		0		28769		
1		0		28773		
1		0		28774		
1		0		28775		
1		0		28776		
1		0		28777		
1		0		28778		
1		0		28779		
1		0		28780		
1		0		28781		
1		0		28782		
1		0		28783		
1		0		28784		
1		0		28785		
1		0		28786		
1		0		28790		
1		0		28791		
1		0		28792		
1		0		28793		
1		0		28794		
1		0		28795		
1		0		28797		
1		0		28798		
1		0		28800		
1		0		28801		
1		0		28826		
1		0		28827		
1		0		28828		
1		0		28829		
1		0		28832		
1		0		28834		
1		0		28839		
1		0		28854		
1		0		28855		
1		0		28858		
1		0		28859		
1		0		28860		
1		0		28861		
1		0		28862		
1		0		28863		
1		0		28864		
1		0		28865		
1		0		28866		
1		0		28867		
1		0		28868		
1		0		28869		
1		0		28870		
1		0		28871		
1		0		28872		
1		0		28873		
1		0		28874		
1		0		28875		
1		0		28876		
1		0		28877		
1		0		28878		
1		0		28879		
1		0		28880		
1		0		28881		
1		0		28882		
1		0		28883		
1		0		28884		
1		0		28885		
1		0		28886		
1		0		28887		
1		0		28888		
1		0		28889		
1		0		28890		
1		0		28891		
1		0		28892		
1		0		28893		
1		0		28894		
1		0		28895		
1		0		28896		
1		0		28897		
1		0		28898		
1		0		28899		
1		0		28900		
1		0		28901		
1		0		28902		
1		0		28903		
1		0		28904		
1		0		28905		
1		0		28906		
1		0		28907		
1		0		28908		
1		0		28909		
1		0		28910		
1		0		28911		
1		0		28912		
1		0		28913		
1		0		28914		
1		0		28915		
1		0		28916		
1		0		28917		
1		0		28918		
1		0		28919		
1		0		28920		
1		0		28922		
1		0		28923		
1		0		28924		
1		0		28925		
1		0		29130		
1		0		29131		
1		0		29132		
1		0		29133		
1		0		29134		
1		0		29135		
1		0		29136		
1		0		29137		
1		0		29138		
1		0		29139		
1		0		29144		
1		0		29541		
1		0		29542		
1		0		29543		
1		0		29544		
1		0		29545		
1		0		29547		
1		0		29550		
1		0		29551		
1		0		29552		
1		0		29553		
1		0		29554		
1		0		29555		
1		0		29556		
1		0		29557		
1		0		29558		
1		0		29560		
1		0		29561		
1		0		29562		
1		0		29563		
1		0		29564		
1		0		29565		
1		0		29566		
1		0		29567		
1		0		29568		
1		0		29569		
1		0		29570		
1		0		29571		
1		0		29572		
1		0		29573		
1		0		29574		
1		0		29575		
1		0		29576		
1		0		29577		
1		0		29578		
1		0		29579		
1		0		29580		
1		0		29581		
1		0		29582		
1		0		29602		
1		0		29603		
1		0		29604		
1		0		29605		
1		0		29613		
1		0		29614		
1		0		29631		
1		0		29633		
1		0		29635		
1		0		29637		
1		0		29639		
1		0		29641		
1		0		29654		
1		0		29655		
1		0		29656		
1		0		29657		
1		0		29658		
1		0		29659		
1		0		29660		
1		0		29661		
1		0		29662		
1		0		29663		
1		0		29664		
1		0		29665		
1		0		29666		
1		0		29667		
1		0		29668		
1		0		29669		
1		0		29670		
1		0		29671		
1		0		29672		
1		0		29673		
1		0		29674		
1		0		29675		
1		0		29676		
1		0		29677		
1		0		29678		
1		0		29679		
1		0		29680		
1		0		29681		
1		0		29682		
1		0		29683		
1		0		29684		
1		0		29685		
1		0		29686		
1		0		29687		
1		0		29688		
1		0		29689		
1		0		29690		
1		0		29691		
1		0		29692		
1		0		29693		
1		0		29694		
1		0		29695		
1		0		29696		
1		0		29697		
1		0		29698		
1		0		29700		
1		0		29869		
1		0		29870		
1		0		29871		
1		0		29872		
1		0		29873		
1		0		29874		
1		0		29875		
1		0		29876		
1		0		29877		
1		0		29878		
1		0		29879		
1		0		29880		
1		0		29881		
1		0		29882		
1		0		29888		
1		0		29889		
1		0		29890		
1		0		29891		
1		0		29892		
1		0		29893		
1		0		29894		
1		0		30204		
1		0		30205		
1		0		30206		
1		0		30207		
1		0		30210		
1		0		30211		
1		0		30212		
1		0		30213		
1		0		30214		
1		0		30215		
1		0		30225		
1		0		30226		
1		0		30227		
1		0		30228		
1		0		30229		
1		0		30230		
1		0		30232		
1		0		30233		
1		0		30234		
1		0		30235		
1		0		30236		
1		0		30237		
1		0		30238		
1		0		30239		
1		0		30240		
1		0		30241		
1		0		30242		
1		0		30243		
1		0		30244		
1		0		30245		
1		0		30246		
1		0		30247		
1		0		30248		
1		0		30249		
1		0		30250		
1		0		30251		
1		0		30252		
1		0		30253		
1		0		30254		
1		0		30264		
1		0		30265		
1		0		30266		
1		0		30267		
1		0		30268		
1		0		30269		
1		0		30270		
1		0		30271		
1		0		30272		
1		0		30273		
1		0		30274		
1		0		30275		
1		0		30276		
1		0		30277		
1		0		30278		
1		0		30279		
1		0		30280		
1		0		30281		
1		0		30282		
1		0		30283		
1		0		30284		
1		0		30286		
1		0		30287		
1		0		30289		
1		0		30290		
1		0		30291		
1		0		30292		
1		0		30293		
1		0		30294		
1		0		30295		
1		0		30296		
1		0		30297		
1		0		30298		
1		0		30299		
1		0		30300		
1		0		30301		
1		0		30315		
1		0		30316		
1		0		30317		
1		0		30453		
1		0		30454		
1		0		30455		
1		0		30456		
1		0		30457		
1		0		30458		
1		0		30459		
1		0		30460		
1		0		30461		
1		0		30462		
1		0		30827		
1		0		30828		
1		0		30835		
1		0		30836		
1		0		30837		
1		0		30838		
1		0		30844		
1		0		30845		
1		0		30847		
1		0		30848		
1		0		30849		
1		0		30850		
1		0		30851		
1		0		30852		
1		0		30853		
1		0		30854		
1		0		30855		
1		0		30856		
1		0		30857		
1		0		30858		
1		0		30859		
1		0		30860		
1		0		30861		
1		0		30862		
1		0		30863		
1		0		30867		
1		0		30868		
1		0		30869		
1		0		30870		
1		0		30871		
1		0		30872		
1		0		30873		
1		0		30874		
1		0		30875		
1		0		30876		
1		0		30877		
1		0		30878		
1		0		30879		
1		0		30881		
1		0		30882		
1		0		30883		
1		0		30884		
1		0		30885		
1		0		30886		
1		0		30887		
1		0		30888		
1		0		30889		
1		0		30890		
1		0		30891		
1		0		30893		
1		0		30894		
1		0		31075		
1		0		31076		
1		0		31077		
1		0		31078		
1		0		31079		
1		0		31080		
1		0		31588		
1		0		31589		
1		0		31590		
1		0		31591		
1		0		31592		
1		0		31593		
1		0		31597		
1		0		31598		
1		0		31599		
1		0		31600		
1		0		31601		
1		0		31602		
1		0		31603		
1		0		31604		
1		0		31605		
1		0		31606		
1		0		31607		
1		0		31608		
1		0		31609		
1		0		31610		
1		0		31611		
1		0		31612		
1		0		31613		
1		0		31614		
1		0		31615		
1		0		31619		
1		0		31620		
1		0		31621		
1		0		31622		
1		0		31623		
1		0		31624		
1		0		31625		
1		0		31626		
1		0		31627		
1		0		31628		
1		0		31632		
1		0		31634		
1		0		31635		
1		0		31636		
1		0		31637		
1		0		31638		
1		0		31639		
1		0		31640		
1		0		31641		
1		0		31642		
1		0		31643		
1		0		31644		
1		0		31645		
1		0		31646		
1		0		31647		
1		0		31648		
1		0		31649		
1		0		31650		
1		0		31651		
1		0		31652		
1		0		31653		
1		0		31654		
1		0		31655		
1		0		31656		
1		0		31657		
1		0		31659		
1		0		31660		
1		0		31661		
1		0		31662		
1		0		31663		
1		0		31664		
1		0		31665		
1		0		31666		
1		0		31667		
1		0		31668		
1		0		31669		
1		0		31670		
1		0		31671		
1		0		31672		
1		0		31675		
1		0		31676		
1		0		31677		
1		0		31678		
1		0		31679		
1		0		31680		
1		0		31681		
1		0		31682		
1		0		31683		
1		0		31684		
1		0		31685		
1		0		31686		
1		0		31687		
1		0		31688		
1		0		31689		
1		0		31690		
1		0		31691		
1		0		31692		
1		0		31693		
1		0		31694		
1		0		31695		
1		0		31696		
1		0		31697		
1		0		31698		
1		0		31699		
1		0		31700		
1		0		31701		
1		0		31702		
1		0		31703		
1		0		31704		
1		0		31705		
1		0		31706		
1		0		31707		
1		0		31709		
1		0		31710		
1		0		31711		
1		0		31712		
1		0		31713		
1		0		31714		
1		0		31715		
1		0		31716		
1		0		31717		
1		0		31718		
1		0		31719		
1		0		31720		
1		0		31721		
1		0		31722		
1		0		32592		
1		0		32593		
1		0		32594		
1		0		32595		
1		0		32596		
1		0		32597		
1		0		32598		
1		0		32599		
1		0		32600		
1		0		32601		
1		0		32602		
1		0		32603		
1		0		32604		
1		0		32605		
1		0		32606		
1		0		32607		
1		0		32608		
1		0		32617		
1		0		32618		
1		0		32619		
1		0		32620		
1		0		32621		
1		0		32622		
1		0		32623		
1		0		32624		
1		0		32625		
1		0		32626		
1		0		32627		
1		0		32628		
1		0		32629		
1		0		32630		
1		0		32631		
1		0		32632		
1		0		32633		
1		0		32634		
1		0		32635		
1		0		32636		
1		0		32637		
1		0		32646		
1		0		32647		
1		0		32648		
1		0		32649		
1		0		32650		
1		0		32651		
1		0		32652		
1		0		32653		
1		0		32654		
1		0		32655		
1		0		32656		
1		0		32657		
1		0		32658		
1		0		32659		
1		0		32661		
1		0		32662		
1		0		32663		
1		0		32666		
1		0		32667		
1		0		32668		
1		0		32669		
1		0		32670		
1		0		32674		
1		0		32675		
1		0		32676		
1		0		32677		
1		0		32678		
1		0		32679		
1		0		32680		
1		0		32681		
1		0		33250		
1		0		33251		
1		0		33258		
1		0		33259		
1		0		33260		
1		0		33261		
1		0		33262		
1		0		33263		
1		0		33264		
1		0		33265		
1		0		33266		
1		0		33267		
1		0		33268		
1		0		33269		
1		0		33270		
1		0		33271		
1		0		33272		
1		0		33273		
1		0		33274		
1		0		33275		
1		0		33276		
1		0		33277		
1		0		33278		
1		0		33279		
1		0		33280		
1		0		33281		
1		0		33282		
1		0		33283		
1		0		33284		
1		0		33285		
1		0		33286		
1		0		33287		
1		0		33288		
1		0		33289		
1		0		33290		
1		0		33291		
1		0		33292		
1		0		33293		
1		0		33294		
1		0		33295		
1		0		33296		
1		0		33297		
1		0		33298		
1		0		33299		
1		0		33300		
1		0		33301		
1		0		33302		
1		0		33303		
1		0		33304		
1		0		33305		
1		0		33306		
1		0		33307		
1		0		33308		
1		0		33309		
1		0		33310		
1		0		33311		
1		0		33312		
1		0		33313		
1		0		33315		
1		0		33316		
1		0		33317		
1		0		33318		
1		0		33319		
1		0		33320		
1		0		33321		
1		0		33322		
1		0		33323		
1		0		33324		
1		0		33325		
1		0		33326		
1		0		33327		
1		0		33328		
1		0		33329		
1		0		33330		
1		0		33331		
1		0		33334		
1		0		33335		
1		0		33336		
1		0		33337		
1		0		33338		
1		0		33339		
1		0		33340		
1		0		33341		
1		0		33342		
1		0		33343		
1		0		33344		
1		0		33345		
1		0		33346		
1		0		33347		
1		0		33348		
1		0		33349		
1		0		33350		
1		0		33351		
1		0		33352		
1		0		33353		
1		0		33354		
1		0		33355		
1		0		33356		
1		0		33357		
1		0		33358		
1		0		33359		
1		0		33360		
1		0		33361		
1		0		33362		
1		0		33363		
1		0		33364		
1		0		33365		
1		0		33366		
1		0		33367		
1		0		33368		
1		0		33369		
1		0		33370		
1		0		33371		
1		0		33373		
1		0		33374		
1		0		33375		
1		0		33376		
1		0		33377		
1		0		33378		
1		0		33379		
1		0		33380		
1		0		33382		
1		0		33383		
1		0		33384		
1		0		33385		
1		0		33386		
1		0		33387		
1		0		33388		
1		0		33389		
1		0		33390		
1		0		33391		
1		0		33392		
1		0		33393		
1		0		33394		
1		0		33395		
1		0		33396		
1		0		33397		
1		0		33398		
1		0		33399		
1		0		33400		
1		0		33401		
1		0		33403		
1		0		33404		
1		0		33405		
1		0		33406		
1		0		33407		
1		0		33408		
1		0		33409		
1		0		33410		
1		0		33411		
1		0		33412		
1		0		33413		
1		0		33414		
1		0		33415		
1		0		33416		
1		0		33417		
1		0		33418		
1		0		33419		
1		0		33420		
1		0		33421		
1		0		33422		
1		0		33423		
1		0		33424		
1		0		33425		
1		0		33426		
1		0		33427		
1		0		33428		
1		0		33429		
1		0		33430		
1		0		33431		
1		0		33442		
1		0		33443		
1		0		34209		
1		0		34210		
1		0		34211		
1		0		34212		
1		0		34213		
1		0		34214		
1		0		34215		
1		0		34216		
1		0		34217		
1		0		34218		
1		0		34219		
1		0		34220		
1		0		34221		
1		0		34223		
1		0		34224		
1		0		34225		
1		0		34226		
1		0		34227		
1		0		34228		
1		0		34229		
1		0		34230		
1		0		34231		
1		0		34232		
1		0		34233		
1		0		34234		
1		0		34235		
1		0		34236		
1		0		34237		
1		0		34238		
1		0		34239		
1		0		34240		
1		0		34241		
1		0		34242		
1		0		34243		
1		0		34244		
1		0		34245		
1		0		34246		
1		0		34247		
1		0		34248		
1		0		34249		
1		0		34250		
1		0		34251		
1		0		34252		
1		0		34253		
1		0		34254		
1		0		34255		
1		0		34256		
1		0		34257		
1		0		34258		
1		0		34259		
1		0		34260		
1		0		34261		
1		0		34262		
1		0		34263		
1		0		34264		
1		0		34266		
1		0		34267		
1		0		34268		
1		0		34269		
1		0		34270		
1		0		34271		
1		0		34272		
1		0		34273		
1		0		34274		
1		0		34275		
1		0		34276		
1		0		34277		
1		0		34278		
1		0		34279		
1		0		34280		
1		0		34281		
1		0		34282		
1		0		34283		
1		0		34284		
1		0		34285		
1		0		34286		
1		0		34287		
1		0		34288		
1		0		34289		
1		0		34290		
1		0		34291		
1		0		34292		
1		0		34293		
1		0		34294		
1		0		34295		
1		0		34296		
1		0		34297		
1		0		34298		
1		0		34299		
1		0		34300		
1		0		34301		
1		0		34302		
1		0		34303		
1		0		34304		
1		0		34305		
1		0		34334		
1		0		34335		
1		0		34336		
1		0		34337		
1		0		34338		
1		0		34339		
1		0		34340		
1		0		34341		
1		0		34342		
1		0		34343		
1		0		34344		
1		0		34345		
1		0		34370		
1		0		34371		
1		0		34372		
1		0		34373		
1		0		34374		
1		0		34375		
1		0		34376		
1		0		34377		
1		0		34378		
1		0		34379		
1		0		34380		
1		0		34381		
1		0		34382		
1		0		34383		
1		0		34384		
1		0		34385		
1		0		34386		
1		0		34387		
1		0		34388		
1		0		34389		
1		0		34390		
1		0		34391		
1		0		34392		
1		0		34393		
1		0		34394		
1		0		34395		
1		0		34396		
1		0		34401		
1		0		34402		
1		0		34403		
1		0		34404		
1		0		34405		
1		0		34407		
1		0		34408		
1		0		34409		
1		0		34410		
1		0		34411		
1		0		34412		
1		0		34413		
1		0		34418		
1		0		34983		
1		0		34985		
1		0		34986		
1		0		34987		
1		0		34988		
1		0		34989		
1		0		34990		
1		0		34991		
1		0		34992		
1		0		34993		
1		0		34994		
1		0		34995		
1		0		34996		
1		0		34997		
1		0		34998		
1		0		34999		
1		0		35000		
1		0		35001		
1		0		35002		
1		0		35003		
1		0		35004		
1		0		35005		
1		0		35006		
1		0		35007		
1		0		35008		
1		0		35009		
1		0		35010		
1		0		35011		
1		0		35012		
1		0		35013		
1		0		35014		
1		0		35015		
1		0		35016		
1		0		35017		
1		0		35018		
1		0		35019		
1		0		35020		
1		0		35021		
1		0		35022		
1		0		35023		
1		0		35024		
1		0		35025		
1		0		35026		
1		0		35027		
1		0		35028		
1		0		35029		
1		0		35030		
1		0		35031		
1		0		35032		
1		0		35033		
1		0		35034		
1		0		35035		
1		0		35036		
1		0		35037		
1		0		35038		
1		0		35039		
1		0		35041		
1		0		35042		
1		0		35043		
1		0		35044		
1		0		35045		
1		0		35046		
1		0		35047		
1		0		35048		
1		0		35049		
1		0		35050		
1		0		35051		
1		0		35052		
1		0		35053		
1		0		35054		
1		0		35055		
1		0		35056		
1		0		35057		
1		0		35058		
1		0		35059		
1		0		35060		
1		0		35061		
1		0		35062		
1		0		35063		
1		0		35064		
1		0		35065		
1		0		35066		
1		0		35067		
1		0		35068		
1		0		35069		
1		0		35070		
1		0		35071		
1		0		35072		
1		0		35073		
1		0		35074		
1		0		35075		
1		0		35076		
1		0		35077		
1		0		35078		
1		0		35079		
1		0		35080		
1		0		35081		
1		0		35082		
1		0		35083		
1		0		35084		
1		0		35085		
1		0		35086		
1		0		35087		
1		0		35088		
1		0		35089		
1		0		35090		
1		0		35091		
1		0		35092		
1		0		35093		
1		0		35094		
1		0		35095		
1		0		35096		
1		0		35097		
1		0		35098		
1		0		35099		
1		0		35100		
1		0		35101		
1		0		35102		
1		0		35103		
1		0		35104		
1		0		35105		
1		0		35127		
1		0		35128		
1		0		35129		
1		0		35130		
1		0		35131		
1		0		35132		
1		0		35133		
1		0		35134		
1		0		35135		
1		0		35136		
1		0		35137		
1		0		35138		
1		0		35139		
1		0		35140		
1		0		35141		
1		0		35142		
1		0		35143		
1		0		35144		
1		0		35145		
1		0		35146		
1		0		35147		
1		0		35148		
1		0		35149		
1		0		35150		
1		0		35151		
1		0		35152		
1		0		35153		
1		0		35154		
1		0		35155		
1		0		35156		
1		0		35157		
1		0		35158		
1		0		35159		
1		0		35160		
1		0		35161		
1		0		35162		
1		0		35163		
1		0		35164		
1		0		35165		
1		0		35166		
1		0		35167		
1		0		35168		
1		0		35169		
1		0		35170		
1		0		35171		
1		0		35172		
1		0		35173		
1		0		35174		
1		0		35175		
1		0		35176		
1		0		35177		
1		0		35178		
1		0		35179		
1		0		35180		
1		0		35181		
1		0		35182		
1		0		35237		
1		0		35238		
1		0		35239		
1		0		35240		
1		0		35241		
1		0		35242		
1		0		35243		
1		0		35244		
1		0		35245		
1		0		35246		
1		0		35247		
1		0		35248		
1		0		35249		
1		0		35250		
1		0		35251		
1		0		35252		
1		0		35253		
1		0		35254		
1		0		35255		
1		0		35256		
1		0		35260		
1		0		35261		
1		0		35262		
1		0		35263		
1		0		35266		
1		0		35267		
1		0		35268		
1		0		35269		
1		0		35270		
1		0		35271		
1		0		35272		
1		0		35273		
1		0		35274		
1		0		35275		
1		0		35276		
1		0		35277		
1		0		35278		
1		0		35279		
1		0		35280		
1		0		35281		
1		0		35282		
1		0		35283		
1		0		35284		
1		0		35285		
1		0		35286		
1		0		35287		
1		0		35288		
1		0		35289		
1		0		35290		
1		0		35291		
1		0		35292		
1		0		35293		
1		0		35294		
1		0		35295		
1		0		35296		
1		0		35297		
1		0		35298		
1		0		35299		
1		0		35300		
1		0		35301		
1		0		35302		
1		0		35303		
1		0		35304		
1		0		35305		
1		0		35306		
1		0		35307		
1		0		35308		
1		0		35309		
1		0		35310		
1		0		35312		
1		0		35313		
1		0		35314		
1		0		35318		
1		0		35319		
1		0		35957		
1		0		35958		
1		0		35959		
1		0		35960		
1		0		35961		
1		0		35962		
1		0		35963		
1		0		35964		
1		0		35965		
1		0		35966		
1		0		35967		
1		0		35968		
1		0		35969		
1		0		35970		
1		0		35971		
1		0		35972		
1		0		35973		
1		0		35974		
1		0		35975		
1		0		35976		
1		0		35977		
1		0		35978		
1		0		35979		
1		0		35980		
1		0		35981		
1		0		35982		
1		0		35983		
1		0		35984		
1		0		35985		
1		0		35986		
1		0		35987		
1		0		35988		
1		0		35989		
1		0		35990		
1		0		35991		
1		0		35992		
1		0		35993		
1		0		35994		
1		0		35995		
1		0		35996		
1		0		35997		
1		0		35998		
1		0		35999		
1		0		36000		
1		0		36001		
1		0		36002		
1		0		36003		
1		0		36004		
1		0		36005		
1		0		36006		
1		0		36007		
1		0		36008		
1		0		36009		
1		0		36010		
1		0		36033		
1		0		36034		
1		0		36035		
1		0		36036		
1		0		36037		
1		0		36038		
1		0		36039		
1		0		36040		
1		0		36041		
1		0		36042		
1		0		36043		
1		0		36044		
1		0		36045		
1		0		36046		
1		0		36047		
1		0		36048		
1		0		36049		
1		0		36050		
1		0		36051		
1		0		36052		
1		0		36053		
1		0		36054		
1		0		36055		
1		0		36056		
1		0		36057		
1		0		36058		
1		0		36059		
1		0		36060		
1		0		36061		
1		0		36062		
1		0		36063		
1		0		36064		
1		0		36065		
1		0		36066		
1		0		36067		
1		0		36068		
1		0		36070		
1		0		36071		
1		0		36072		
1		0		36073		
1		0		36074		
1		0		36075		
1		0		36076		
1		0		36077		
1		0		36078		
1		0		36079		
1		0		36080		
1		0		36081		
1		0		36082		
1		0		36083		
1		0		36084		
1		0		36085		
1		0		36086		
1		0		36087		
1		0		36088		
1		0		36089		
1		0		36090		
1		0		36091		
1		0		36092		
1		0		36093		
1		0		36094		
1		0		36095		
1		0		36096		
1		0		36097		
1		0		36098		
1		0		36099		
1		0		36100		
1		0		36101		
1		0		36102		
1		0		36103		
1		0		36104		
1		0		36105		
1		0		36106		
1		0		36107		
1		0		36108		
1		0		36109		
1		0		36110		
1		0		36111		
1		0		36112		
1		0		36113		
1		0		36114		
1		0		36138		
1		0		36139		
1		0		36140		
1		0		36141		
1		0		36143		
1		0		36144		
1		0		36145		
1		0		36146		
1		0		36147		
1		0		36148		
1		0		36149		
1		0		36151		
1		0		36152		
1		0		36153		
1		0		36154		
1		0		36155		
1		0		36156		
1		0		36157		
1		0		36158		
1		0		36159		
1		0		36160		
1		0		36161		
1		0		36162		
1		0		36163		
1		0		36164		
1		0		36165		
1		0		36166		
1		0		36167		
1		0		36168		
1		0		36169		
1		0		36170		
1		0		36171		
1		0		36172		
1		0		36173		
1		0		36174		
1		0		36175		
1		0		36176		
1		0		36177		
1		0		36179		
1		0		36180		
1		0		36181		
1		0		36182		
1		0		36183		
1		0		36184		
1		0		36185		
1		0		36187		
1		0		36188		
1		0		36189		
1		0		36190		
1		0		36191		
1		0		36192		
1		0		36193		
1		0		36194		
1		0		36195		
1		0		36196		
1		0		36197		
1		0		36198		
1		0		36199		
1		0		37052		
1		0		37053		
1		0		37054		
1		0		37055		
1		0		37056		
1		0		37057		
1		0		37058		
1		0		37059		
1		0		37060		
1		0		37061		
1		0		37062		
1		0		37063		
1		0		37064		
1		0		37065		
1		0		37067		
1		0		37068		
1		0		37069		
1		0		37070		
1		0		37072		
1		0		37073		
1		0		37074		
1		0		37075		
1		0		37076		
1		0		37078		
1		0		37079		
1		0		37080		
1		0		37081		
1		0		37082		
1		0		37083		
1		0		37084		
1		0		37085		
1		0		37086		
1		0		37087		
1		0		37088		
1		0		37089		
1		0		37090		
1		0		37091		
1		0		37092		
1		0		37099		
1		0		37100		
1		0		37102		
1		0		37103		
1		0		37104		
1		0		37105		
1		0		37106		
1		0		37107		
1		0		37108		
1		0		37109		
1		0		37110		
1		0		37111		
1		0		37112		
1		0		37113		
1		0		37114		
1		0		37115		
1		0		37116		
1		0		37117		
1		0		37118		
1		0		37125		
1		0		37126		
1		0		37127		
1		0		37128		
1		0		37129		
1		0		37130		
1		0		37131		
1		0		37132		
1		0		37133		
1		0		37134		
1		0		37135		
1		0		37136		
1		0		37137		
1		0		37138		
1		0		37139		
1		0		37140		
1		0		37148		
1		0		37149		
1		0		37150		
1		0		37151		
1		0		37152		
1		0		37153		
1		0		37154		
1		0		37746		
1		0		37747		
1		0		37748		
1		0		37749		
1		0		37750		
1		0		37751		
1		0		37752		
1		0		37753		
1		0		37754		
1		0		37755		
1		0		37756		
1		0		37757		
1		0		37758		
1		0		37759		
1		0		37760		
1		0		37761		
1		0		37762		
1		0		37763		
1		0		37764		
1		0		37765		
1		0		37766		
1		0		37767		
1		0		37768		
1		0		37769		
1		0		37770		
1		0		37771		
1		0		37772		
1		0		37773		
1		0		37774		
1		0		37775		
1		0		37776		
1		0		37777		
1		0		37778		
1		0		37779		
1		0		37780		
1		0		37781		
1		0		37782		
1		0		37783		
1		0		37784		
1		0		37785		
1		0		37786		
1		0		37787		
1		0		37788		
1		0		37789		
1		0		37790		
1		0		37791		
1		0		37792		
1		0		37793		
1		0		37794		
1		0		37795		
1		0		37796		
1		0		37797		
1		0		37798		
1		0		37799		
1		0		37800		
1		0		37801		
1		0		37802		
1		0		37803		
1		0		37804		
1		0		37805		
1		0		37806		
1		0		37807		
1		0		37808		
1		0		37809		
1		0		37810		
1		0		37811		
1		0		37812		
1		0		37813		
1		0		37814		
1		0		37815		
1		0		37816		
1		0		37817		
1		0		37818		
1		0		37819		
1		0		37821		
1		0		37822		
1		0		37823		
1		0		37824		
1		0		37825		
1		0		37826		
1		0		37828		
1		0		37829		
1		0		37830		
1		0		37831		
1		0		37832		
1		0		37833		
1		0		37834		
1		0		37836		
1		0		37837		
1		0		37838		
1		0		37839		
1		0		37840		
1		0		37841		
1		0		37842		
1		0		37843		
1		0		37844		
1		0		37845		
1		0		37846		
1		0		37847		
1		0		37848		
1		0		37849		
1		0		37850		
1		0		37851		
1		0		37852		
1		0		37853		
1		0		37854		
1		0		37855		
1		0		37856		
1		0		37857		
1		0		37858		
1		0		37859		
1		0		37863		
1		0		37864		
1		0		37865		
1		0		37866		
1		0		37867		
1		0		37868		
1		0		37869		
1		0		37870		
1		0		37871		
1		0		37872		
1		0		37873		
1		0		37874		
1		0		37875		
1		0		37876		
1		0		37877		
1		0		37878		
1		0		37879		
1		0		37880		
1		0		37881		
1		0		37882		
1		0		37883		
1		0		37884		
1		0		37885		
1		0		38517		
1		0		38518		
1		0		38519		
1		0		38520		
1		0		38521		
1		0		38522		
1		0		38523		
1		0		38524		
1		0		38525		
1		0		38526		
1		0		38527		
1		0		38528		
1		0		38529		
1		0		38530		
1		0		38531		
1		0		38532		
1		0		38533		
1		0		38534		
1		0		38536		
1		0		38537		
1		0		38538		
1		0		38539		
1		0		38540		
1		0		38541		
1		0		38542		
1		0		38543		
1		0		38544		
1		0		38545		
1		0		38546		
1		0		38547		
1		0		38548		
1		0		38549		
1		0		38550		
1		0		38551		
1		0		38552		
1		0		38553		
1		0		38554		
1		0		38555		
1		0		38556		
1		0		38557		
1		0		38558		
1		0		38559		
1		0		38560		
1		0		38561		
1		0		38562		
1		0		38563		
1		0		38564		
1		0		38565		
1		0		38566		
1		0		38567		
1		0		38569		
1		0		38570		
1		0		38572		
1		0		38573		
1		0		38574		
1		0		38575		
1		0		38576		
1		0		38577		
1		0		38578		
1		0		38579		
1		0		38580		
1		0		38581		
1		0		38582		
1		0		38583		
1		0		38584		
1		0		38585		
1		0		38586		
1		0		38587		
1		0		38588		
1		0		38589		
1		0		38590		
1		0		38591		
1		0		38593		
1		0		38594		
1		0		38595		
1		0		38596		
1		0		38597		
1		0		38598		
1		0		38599		
1		0		38600		
1		0		38601		
1		0		38602		
1		0		38603		
1		0		38605		
1		0		38606		
1		0		38607		
1		0		38608		
1		0		38609		
1		0		38610		
1		0		38611		
1		0		38612		
1		0		38613		
1		0		38614		
1		0		38615		
1		0		38616		
1		0		38617		
1		0		38618		
1		0		38619		
1		0		38620		
1		0		38621		
1		0		38622		
1		0		38623		
1		0		38624		
1		0		38625		
1		0		38626		
1		0		38627		
1		0		38628		
1		0		38629		
1		0		38630		
1		0		38631		
1		0		38632		
1		0		38633		
1		0		38634		
1		0		38635		
1		0		38636		
1		0		38637		
1		0		38638		
1		0		38639		
1		0		38640		
1		0		38641		
1		0		38642		
1		0		38643		
1		0		38644		
1		0		38645		
1		0		38646		
1		0		38647		
1		0		38648		
1		0		38649		
1		0		38650		
1		0		38651		
1		0		38652		
1		0		38653		
1		0		38654		
1		0		38655		
1		0		38656		
1		0		38657		
1		0		38658		
1		0		38659		
1		0		38660		
1		0		38661		
1		0		38662		
1		0		38663		
1		0		38664		
1		0		38665		
1		0		38666		
1		0		38667		
1		0		38668		
1		0		38672		
1		0		38673		
1		0		38674		
1		0		38675		
1		0		38676		
1		0		38677		
1		0		38678		
1		0		38679		
1		0		38680		
1		0		38681		
1		0		38682		
1		0		38683		
1		0		38684		
1		0		38685		
1		0		38686		
1		0		38687		
1		0		38688		
1		0		38689		
1		0		38690		
1		0		38691		
1		0		38692		
1		0		38693		
1		0		38694		
1		0		38695		
1		0		38696		
1		0		38697		
1		0		38698		
1		0		38699		
1		0		38700		
1		0		38701		
1		0		38702		
1		0		38703		
1		0		38704		
1		0		38705		
1		0		38706		
1		0		38707		
1		0		38708		
1		0		38709		
1		0		38710		
1		0		38711		
1		0		38712		
1		0		38713		
1		0		38714		
1		0		39329		
1		0		39331		
1		0		39332		
1		0		39333		
1		0		39334		
1		0		39335		
1		0		39336		
1		0		39338		
1		0		39339		
1		0		39340		
1		0		39341		
1		0		39342		
1		0		39343		
1		0		39344		
1		0		39345		
1		0		39346		
1		0		39347		
1		0		39349		
1		0		39350		
1		0		39352		
1		0		39353		
1		0		39354		
1		0		39355		
1		0		39356		
1		0		39357		
1		0		39358		
1		0		39359		
1		0		39360		
1		0		39361		
1		0		39362		
1		0		39363		
1		0		39364		
1		0		39365		
1		0		39366		
1		0		39367		
1		0		39368		
1		0		39369		
1		0		39370		
1		0		39371		
1		0		39372		
1		0		39373		
1		0		39374		
1		0		39375		
1		0		39376		
1		0		39377		
1		0		39378		
1		0		39379		
1		0		39381		
1		0		39382		
1		0		39383		
1		0		39384		
1		0		39385		
1		0		39386		
1		0		39387		
1		0		39389		
1		0		39390		
1		0		39391		
1		0		39392		
1		0		39393		
1		0		39394		
1		0		39395		
1		0		39396		
1		0		39397		
1		0		39398		
1		0		39399		
1		0		39400		
1		0		39401		
1		0		39402		
1		0		39403		
1		0		39404		
1		0		39405		
1		0		39406		
1		0		39408		
1		0		39409		
1		0		39410		
1		0		39411		
1		0		39412		
1		0		39413		
1		0		39414		
1		0		39415		
1		0		39416		
1		0		39417		
1		0		39418		
1		0		39419		
1		0		39420		
1		0		39421		
1		0		39422		
1		0		39423		
1		0		39424		
1		0		39425		
1		0		39426		
1		0		39427		
1		0		39428		
1		0		39429		
1		0		39430		
1		0		39431		
1		0		39432		
1		0		39433		
1		0		39434		
1		0		39436		
1		0		39437		
1		0		39438		
1		0		39439		
1		0		39440		
1		0		39441		
1		0		39442		
1		0		39443		
1		0		39444		
1		0		39445		
1		0		39446		
1		0		39447		
1		0		39448		
1		0		39449		
1		0		39450		
1		0		39451		
1		0		39452		
1		0		39453		
1		0		39454		
1		0		39455		
1		0		39457		
1		0		39458		
1		0		39459		
1		0		39460		
1		0		39461		
1		0		39462		
1		0		39463		
1		0		39464		
1		0		39465		
1		0		39466		
1		0		39467		
1		0		39468		
1		0		39473		
1		0		39474		
1		0		39475		
1		0		39476		
1		0		39477		
1		0		39478		
1		0		39479		
1		0		39480		
1		0		39481		
1		0		39482		
1		0		39483		
1		0		39484		
1		0		39485		
1		0		39486		
1		0		39487		
1		0		39488		
1		0		39489		
1		0		39490		
1		0		39491		
1		0		39492		
1		0		39493		
1		0		39494		
1		0		39495		
1		0		39496		
1		0		39497		
1		0		39498		
1		0		39499		
1		0		39500		
1		0		39501		
1		0		39502		
1		0		39503		
1		0		39504		
1		0		39505		
1		0		39506		
1		0		39507		
1		0		39508		
1		0		39509		
1		0		39510		
1		0		39511		
1		0		39512		
1		0		39513		
1		0		39514		
1		0		39515		
1		0		39516		
1		0		39517		
1		0		39518		
1		0		39519		
1		0		39520		
1		0		39521		
1		0		39522		
1		0		39523		
1		0		39524		
1		0		39525		
1		0		39526		
1		0		39527		
1		0		39528		
1		0		39529		
1		0		39530		
1		0		39531		
1		0		39532		
1		0		39533		
1		0		39534		
1		0		39535		
1		0		39536		
1		0		39537		
1		0		39538		
1		0		39539		
1		0		39540		
1		0		39541		
1		0		39542		
1		0		39543		
1		0		39544		
1		0		39545		
1		0		39546		
1		0		39547		
1		0		39548		
1		0		39549		
1		0		39550		
1		0		39551		
1		0		39552		
1		0		39553		
1		0		39554		
1		0		39555		
1		0		40117		
1		0		40118		
1		0		40119		
1		0		40120		
1		0		40121		
1		0		40122		
1		0		40123		
1		0		40124		
1		0		40125		
1		0		40126		
1		0		40127		
1		0		40128		
1		0		40129		
1		0		40130		
1		0		40131		
1		0		40132		
1		0		40133		
1		0		40134		
1		0		40135		
1		0		40136		
1		0		40137		
1		0		40138		
1		0		40139		
1		0		40140		
1		0		40141		
1		0		40142		
1		0		40143		
1		0		40144		
1		0		40145		
1		0		40146		
1		0		40150		
1		0		40151		
1		0		40152		
1		0		40153		
1		0		40154		
1		0		40155		
1		0		40156		
1		0		40157		
1		0		40158		
1		0		40159		
1		0		40160		
1		0		40161		
1		0		40162		
1		0		40165		
1		0		40166		
1		0		40167		
1		0		40168		
1		0		40171		
1		0		40172		
1		0		40173		
1		0		40175		
1		0		40205		
1		0		40207		
1		0		40208		
1		0		40209		
1		0		40210		
1		0		40211		
1		0		40212		
1		0		40213		
1		0		40214		
1		0		40215		
1		0		40216		
1		0		40217		
1		0		40218		
1		0		40219		
1		0		40220		
1		0		40221		
1		0		40222		
1		0		40223		
1		0		40224		
1		0		40225		
1		0		40226		
1		0		40227		
1		0		40228		
1		0		40229		
1		0		40230		
1		0		40231		
1		0		40232		
1		0		40233		
1		0		40234		
1		0		40235		
1		0		40236		
1		0		40237		
1		0		40238		
1		0		40239		
1		0		40240		
1		0		40241		
1		0		40242		
1		0		40243		
1		0		40244		
1		0		40245		
1		0		40246		
1		0		40247		
1		0		40248		
1		0		40249		
1		0		40250		
1		0		40251		
1		0		40252		
1		0		40253		
1		0		40254		
1		0		40255		
1		0		40256		
1		0		40257		
1		0		40258		
1		0		40259		
1		0		40260		
1		0		40261		
1		0		40262		
1		0		40263		
1		0		40264		
1		0		40265		
1		0		40266		
1		0		40267		
1		0		40268		
1		0		40269		
1		0		40270		
1		0		40271		
1		0		40272		
1		0		40273		
1		0		40274		
1		0		40275		
1		0		40276		
1		0		40277		
1		0		40278		
1		0		40279		
1		0		40280		
1		0		40281		
1		0		40282		
1		0		40283		
1		0		40284		
1		0		40285		
1		0		40286		
1		0		40287		
1		0		40288		
1		0		40289		
1		0		40290		
1		0		40291		
1		0		40292		
1		0		40293		
1		0		40294		
1		0		40295		
1		0		40296		
1		0		40297		
1		0		40298		
1		0		40299		
1		0		40300		
1		0		40301		
1		0		40302		
1		0		40303		
1		0		40304		
1		0		40305		
1		0		40306		
1		0		40307		
1		0		40308		
1		0		40309		
1		0		40310		
1		0		40311		
1		0		40725		
1		0		40726		
1		0		40727		
1		0		40728		
1		0		40729		
1		0		40730		
1		0		40731		
1		0		40732		
1		0		40733		
1		0		40734		
1		0		40735		
1		0		40736		
1		0		40737		
1		0		40738		
1		0		40739		
1		0		40740		
1		0		40741		
1		0		40742		
1		0		40743		
1		0		40744		
1		0		40745		
1		0		40746		
1		0		40747		
1		0		40748		
1		0		40749		
1		0		40750		
1		0		40751		
1		0		40752		
1		0		40753		
1		0		40754		
1		0		40755		
1		0		40756		
1		0		40757		
1		0		40758		
1		0		40759		
1		0		40760		
1		0		40761		
1		0		40762		
1		0		40763		
1		0		40764		
1		0		40765		
1		0		40766		
1		0		40767		
1		0		40768		
1		0		40769		
1		0		40770		
1		0		40771		
1		0		40772		
1		0		40773		
1		0		40774		
1		0		40775		
1		0		40776		
1		0		40780		
1		0		40781		
1		0		40782		
1		0		40785		
1		0		40786		
1		0		40793		
1		0		40798		
1		0		40799		
1		0		40800		
1		0		40801		
1		0		40802		
1		0		40803		
1		0		40804		
1		0		40805		
1		0		40806		
1		0		40807		
1		0		40808		
1		0		40809		
1		0		40810		
1		0		40811		
1		0		40812		
1		0		40813		
1		0		40814		
1		0		40815		
1		0		40816		
1		0		40817		
1		0		40818		
1		0		40819		
1		0		40820		
1		0		40821		
1		0		40822		
1		0		40823		
1		0		40824		
1		0		40825		
1		0		40826		
1		0		40827		
1		0		40828		
1		0		40829		
1		0		40830		
1		0		40831		
1		0		40832		
1		0		40833		
1		0		40834		
1		0		40835		
1		0		40836		
1		0		40837		
1		0		40838		
1		0		40839		
1		0		40840		
1		0		40841		
1		0		40842		
1		0		40843		
1		0		40844		
1		0		40845		
1		0		40846		
1		0		40847		
1		0		40848		
1		0		40849		
1		0		40850		
1		0		40851		
1		0		40852		
1		0		40853		
1		0		40854		
1		0		40855		
1		0		40856		
1		0		40857		
1		0		40858		
1		0		40859		
1		0		40860		
1		0		40861		
1		0		40863		
1		0		40864		
1		0		40865		
1		0		40866		
1		0		40867		
1		0		40868		
1		0		40869		
1		0		40870		
1		0		40871		
1		0		40872		
1		0		40873		
1		0		40874		
1		0		40875		
1		0		41433		
1		0		41434		
1		0		41435		
1		0		41436		
1		0		41437		
1		0		41438		
1		0		41439		
1		0		41440		
1		0		41441		
1		0		41442		
1		0		41443		
1		0		41444		
1		0		41445		
1		0		41446		
1		0		41447		
1		0		41448		
1		0		41449		
1		0		41450		
1		0		41451		
1		0		41452		
1		0		41453		
1		0		41454		
1		0		41455		
1		0		41456		
1		0		41457		
1		0		41458		
1		0		41459		
1		0		41460		
1		0		41461		
1		0		41462		
1		0		41463		
1		0		41464		
1		0		41465		
1		0		41466		
1		0		41467		
1		0		41468		
1		0		41469		
1		0		41470		
1		0		41471		
1		0		41472		
1		0		41473		
1		0		41474		
1		0		41475		
1		0		41476		
1		0		41477		
1		0		41478		
1		0		41479		
1		0		41480		
1		0		41481		
1		0		41482		
1		0		41484		
1		0		41485		
1		0		41486		
1		0		41487		
1		0		41488		
1		0		41489		
1		0		41490		
1		0		41491		
1		0		41492		
1		0		41493		
1		0		41494		
1		0		41495		
1		0		41498		
1		0		41528		
1		0		41529		
1		0		41530		
1		0		41531		
1		0		41532		
1		0		41533		
1		0		41541		
1		0		41542		
1		0		41543		
1		0		41548		
1		0		41549		
1		0		41550		
1		0		41551		
1		0		41552		
1		0		41553		
1		0		41554		
1		0		41555		
1		0		41556		
1		0		41557		
1		0		41558		
1		0		41559		
1		0		41560		
1		0		41561		
1		0		41562		
1		0		41563		
1		0		41564		
1		0		41565		
1		0		41566		
1		0		41567		
1		0		41568		
1		0		41569		
1		0		41570		
1		0		41571		
1		0		41572		
1		0		41573		
1		0		41574		
1		0		41575		
1		0		41576		
1		0		41577		
1		0		41578		
1		0		41579		
1		0		41580		
1		0		41581		
1		0		41582		
1		0		41583		
1		0		41584		
1		0		41585		
1		0		41586		
1		0		41587		
1		0		41588		
1		0		41589		
1		0		41590		
1		0		41591		
1		0		41592		
1		0		41593		
1		0		41594		
1		0		41595		
1		0		41596		
1		0		41597		
1		0		41598		
1		0		41599		
1		0		41600		
1		0		41601		
1		0		41602		
1		0		41603		
1		0		41604		
1		0		41606		
1		0		41607		
1		0		41608		
1		0		41609		
1		0		41610		
1		0		41612		
1		0		41613		
1		0		41614		
1		0		41615		
1		0		41616		
1		0		41617		
1		0		41618		
1		0		41619		
1		0		41620		
1		0		42093		
1		0		42094		
1		0		42095		
1		0		42096		
1		0		42097		
1		0		42098		
1		0		42099		
1		0		42100		
1		0		42101		
1		0		42102		
1		0		42103		
1		0		42104		
1		0		42105		
1		0		42106		
1		0		42107		
1		0		42108		
1		0		42109		
1		0		42110		
1		0		42111		
1		0		42112		
1		0		42113		
1		0		42114		
1		0		42115		
1		0		42116		
1		0		42117		
1		0		42118		
1		0		42119		
1		0		42120		
1		0		42121		
1		0		42122		
1		0		42123		
1		0		42124		
1		0		42125		
1		0		42126		
1		0		42127		
1		0		42128		
1		0		42129		
1		0		42130		
1		0		42131		
1		0		42132		
1		0		42133		
1		0		42168		
1		0		42169		
1		0		42170		
1		0		42171		
1		0		42172		
1		0		42217		
1		0		42218		
1		0		42219		
1		0		42220		
1		0		42221		
1		0		42222		
1		0		42223		
1		0		42224		
1		0		42225		
1		0		42226		
1		0		42227		
1		0		42228		
1		0		42229		
1		0		42230		
1		0		42231		
1		0		42232		
1		0		42233		
1		0		42234		
1		0		42235		
1		0		42236		
1		0		42237		
1		0		42238		
1		0		42239		
1		0		42240		
1		0		42241		
1		0		42242		
1		0		42243		
1		0		42244		
1		0		42245		
1		0		42246		
1		0		42247		
1		0		42248		
1		0		42249		
1		0		42250		
1		0		42251		
1		0		42252		
1		0		42253		
1		0		42254		
1		0		42255		
1		0		42256		
1		0		42257		
1		0		42258		
1		0		42259		
1		0		42260		
1		0		42261		
1		0		42262		
1		0		42263		
1		0		42264		
1		0		42265		
1		0		42266		
1		0		42267		
1		0		42268		
1		0		42269		
1		0		42270		
1		0		42271		
1		0		42272		
1		0		42273		
1		0		42274		
1		0		42275		
1		0		42276		
1		0		42277		
1		0		42278		
1		0		42279		
1		0		42280		
1		0		42281		
1		0		42282		
1		0		42283		
1		0		42284		
1		0		42285		
1		0		42286		
1		0		42734		
1		0		42735		
1		0		42736		
1		0		42737		
1		0		42738		
1		0		42739		
1		0		42740		
1		0		42741		
1		0		42742		
1		0		42744		
1		0		42745		
1		0		42746		
1		0		42747		
1		0		42748		
1		0		42749		
1		0		42750		
1		0		42751		
1		0		42752		
1		0		42753		
1		0		42754		
1		0		42755		
1		0		42756		
1		0		42757		
1		0		42758		
1		0		42759		
1		0		42785		
1		0		42786		
1		0		42787		
1		0		42788		
1		0		42789		
1		0		42791		
1		0		42792		
1		0		42793		
1		0		42794		
1		0		42814		
1		0		42815		
1		0		42816		
1		0		42817		
1		0		42818		
1		0		42820		
1		0		42821		
1		0		42822		
1		0		42823		
1		0		42824		
1		0		42826		
1		0		42827		
1		0		42828		
1		0		42829		
1		0		42830		
1		0		42831		
1		0		42832		
1		0		42833		
1		0		42834		
1		0		42835		
1		0		42836		
1		0		42837		
1		0		42838		
1		0		42839		
1		0		42840		
1		0		42841		
1		0		42842		
1		0		42843		
1		0		42844		
1		0		42845		
1		0		42846		
1		0		43318		
1		0		43319		
1		0		43320		
1		0		43321		
1		0		43322		
1		0		43323		
1		0		43324		
1		0		43325		
1		0		43326		
1		0		43327		
1		0		43328		
1		0		43329		
1		0		43330		
1		0		43331		
1		0		43332		
1		0		43333		
1		0		43334		
1		0		43335		
1		0		43336		
1		0		43337		
1		0		43338		
1		0		43339		
1		0		43340		
1		0		43341		
1		0		43342		
1		0		43359		
1		0		43360		
1		0		43362		
1		0		43420		
1		0		43421		
1		0		43422		
1		0		43423		
1		0		43424		
1		0		43425		
1		0		43426		
1		0		43427		
1		0		43428		
1		0		43429		
1		0		43430		
1		0		43431		
1		0		43433		
1		0		43434		
1		0		43435		
1		0		43436		
1		0		43437		
1		0		43438		
1		0		43439		
1		0		43440		
1		0		43441		
1		0		43442		
1		0		43443		
1		0		43444		
1		0		43445		
1		0		43446		
1		0		43447		
1		0		43448		
1		0		43449		
1		0		43450		
1		0		43451		
1		0		43452		
1		0		43921		
1		0		43922		
1		0		43923		
1		0		43924		
1		0		43925		
1		0		43926		
1		0		43927		
1		0		43928		
1		0		43929		
1		0		43930		
1		0		43931		
1		0		43932		
1		0		43933		
1		0		43934		
1		0		43935		
1		0		43936		
1		0		43937		
1		0		43938		
1		0		43939		
1		0		43940		
1		0		43941		
1		0		43942		
1		0		43943		
1		0		43944		
1		0		43945		
1		0		43962		
1		0		43963		
1		0		43965		
1		0		43995		
1		0		43996		
1		0		43997		
1		0		43998		
1		0		43999		
1		0		44000		
1		0		44001		
1		0		44002		
1		0		44003		
1		0		44004		
1		0		44005		
1		0		44006		
1		0		44007		
1		0		44008		
1		0		44009		
1		0		44010		
1		0		44011		
1		0		44012		
1		0		44013		
1		0		44014		
1		0		44015		
1		0		44016		
1		0		44017		
1		0		44018		
1		0		44019		
1		0		44020		
1		0		44021		
1		0		44022		
1		0		44023		
1		0		44024		
1		0		44025		
1		0		44026		
1		0		44027		
1		0		44028		
1		0		44029		
1		0		44030		
1		0		44031		
1		0		44032		
1		0		44033		
1		0		44034		
1		0		44035		
1		0		44036		
1		0		44037		
1		0		44038		
1		0		44039		
1		0		44040		
1		0		44041		
1		0		44042		
1		0		44043		
1		0		44044		
1		0		44045		
1		0		44493		
1		0		44494		
1		0		44495		
1		0		44496		
1		0		44497		
1		0		44498		
1		0		44499		
1		0		44500		
1		0		44526		
1		0		44527		
1		0		44557		
1		0		44558		
1		0		44559		
1		0		44560		
1		0		44561		
1		0		44562		
1		0		44563		
1		0		44564		
1		0		44565		
1		0		44566		
1		0		44567		
1		0		44568		
1		0		44569		
1		0		44570		
1		0		44571		
1		0		44572		
1		0		44573		
1		0		44574		
1		0		44575		
1		0		44576		
1		0		44577		
1		0		44578		
1		0		44579		
1		0		44580		
1		0		44581		
1		0		44582		
1		0		44583		
1		0		44584		
1		0		44585		
1		0		44586		
1		0		44587		
1		0		44588		
1		0		45060		
1		0		45061		
1		0		45062		
1		0		45063		
1		0		45064		
1		0		45065		
1		0		45066		
1		0		45067		
1		0		45084		
1		0		45085		
1		0		45086		
1		0		45087		
1		0		45088		
1		0		45089		
1		0		45090		
1		0		45091		
1		0		45092		
1		0		45160		
1		0		45161		
1		0		45162		
1		0		45163		
1		0		45164		
1		0		45165		
1		0		45166		
1		0		45167		
1		0		45168		
1		0		45169		
1		0		45170		
1		0		45171		
1		0		45172		
1		0		45173		
1		0		45174		
1		0		45175		
1		0		45176		
1		0		45177		
1		0		45178		
1		0		45179		
1		0		45180		
1		0		45181		
1		0		45182		
1		0		45183		
1		0		45184		
1		0		45185		
1		0		45186		
1		0		45187		
1		0		45188		
1		0		45189		
1		0		45190		
1		0		45191		
1		0		45192		
1		0		45193		
1		0		45194		
1		0		45195		
1		0		45196		
1		0		45197		
1		0		45198		
1		0		45199		
1		0		45200		
1		0		45201		
1		0		45202		
1		0		45203		
1		0		45204		
1		0		45205		
1		0		45206		
1		0		45207		
1		0		45208		
1		0		45209		
1		0		45210		
1		0		45211		
1		0		45212		
1		0		45213		
1		0		45214		
1		0		45215		
1		0		45216		
1		0		45217		
1		0		45639		
1		0		45640		
1		0		45641		
1		0		45642		
1		0		45643		
1		0		45644		
1		0		45652		
1		0		45653		
1		0		45654		
1		0		45655		
1		0		45656		
1		0		45657		
1		0		45658		
1		0		45659		
1		0		45660		
1		0		45661		
1		0		45662		
1		0		45663		
1		0		45665		
1		0		45666		
1		0		45668		
1		0		45669		
1		0		45670		
1		0		45671		
1		0		45672		
1		0		45673		
1		0		45674		
1		0		45675		
1		0		45676		
1		0		45677		
1		0		45678		
1		0		45679		
1		0		45680		
1		0		45681		
1		0		45682		
1		0		45683		
1		0		45684		
1		0		45685		
1		0		45686		
1		0		45709		
1		0		45710		
1		0		45711		
1		0		45712		
1		0		45713		
1		0		45714		
1		0		45715		
1		0		45716		
1		0		45717		
1		0		45718		
1		0		45719		
1		0		45720		
1		0		45721		
1		0		45722		
1		0		45723		
1		0		45724		
1		0		45725		
1		0		45726		
1		0		45727		
1		0		45728		
1		0		45729		
1		0		45730		
1		0		45731		
1		0		45732		
1		0		45733		
1		0		45734		
1		0		45735		
1		0		45736		
1		0		45737		
1		0		45738		
1		0		45739		
1		0		45740		
1		0		45741		
1		0		45742		
1		0		45743		
1		0		45744		
1		0		45745		
1		0		45746		
1		0		45747		
1		0		45748		
1		0		45749		
1		0		45750		
1		0		45751		
1		0		45752		
1		0		45753		
1		0		45754		
1		0		45755		
1		0		45756		
1		0		45757		
1		0		45758		
1		0		45759		
1		0		45760		
1		0		45761		
1		0		45762		
1		0		45763		
1		0		45764		
1		0		46359		
1		0		46360		
1		0		46361		
1		0		46362		
1		0		46363		
1		0		46364		
1		0		46365		
1		0		46366		
1		0		46367		
1		0		46368		
1		0		46369		
1		0		46370		
1		0		46373		
1		0		46374		
1		0		46375		
1		0		46376		
1		0		46377		
1		0		46378		
1		0		46402		
1		0		46403		
1		0		46404		
1		0		46405		
1		0		46406		
1		0		46407		
1		0		46408		
1		0		46409		
1		0		46410		
1		0		46411		
1		0		46412		
1		0		46413		
1		0		46414		
1		0		46415		
1		0		46416		
1		0		46417		
1		0		46418		
1		0		46419		
1		0		46420		
1		0		46421		
1		0		46422		
1		0		46423		
1		0		46424		
1		0		46425		
1		0		46426		
1		0		46427		
1		0		46428		
1		0		46429		
1		0		46430		
1		0		46431		
1		0		46432		
1		0		46433		
1		0		46434		
1		0		46435		
1		0		46436		
1		0		46437		
1		0		46438		
1		0		46439		
1		0		46440		
1		0		46441		
1		0		46442		
1		0		46443		
1		0		46444		
1		0		46445		
1		0		46446		
1		0		46447		
1		0		46449		
1		0		46450		
1		0		46451		
1		0		46452		
1		0		46453		
1		0		46454		
1		0		46455		
1		0		46890		
1		0		46891		
1		0		46892		
1		0		46893		
1		0		46894		
1		0		46895		
1		0		46896		
1		0		46897		
1		0		46898		
1		0		46899		
1		0		46900		
1		0		46901		
1		0		46902		
1		0		46903		
1		0		46904		
1		0		46905		
1		0		46906		
1		0		46907		
1		0		46908		
1		0		46909		
1		0		46910		
1		0		46911		
1		0		46912		
1		0		46913		
1		0		46914		
1		0		46915		
1		0		46916		
1		0		46917		
1		0		46918		
1		0		46919		
1		0		46920		
1		0		47231		
1		0		47232		
1		0		47233		
1		0		47234		
1		0		47235		
1		0		47236		
1		0		47237		
1		0		47238		
1		0		47239		
1		0		47240		
1		0		47241		
1		0		47242		
1		0		47243		
1		0		47244		
1		0		47245		
1		0		47246		
1		0		47247		
1		0		47557		
1		0		47558		
1		0		47559		
1		0		47560		
1		0		47561		
1		0		47562		
1		0		47563		
1		0		47564		
1		0		47565		
1		0		47566		
1		0		47567		
1		0		47650		
1		0		47656		
1		0		47659		
1		0		47660		
1		0		47661		
1		0		48012		
1		0		48013		
1		0		48071		
1		0		48072		
1		0		48073		
1		0		48074		
1		0		48405		
1		0		48406		
1		0		48407		
1		0		48408		
1		0		48472		
1		0		48473		
1		0		48739		
1		0		48742		
1		0		48744		
1		0		48745		
1		0		48746		
1		0		48769		
1		0		48770		
1		0		48801		
1		0		48804		
1		0		49019		
1		0		49020		
1		0		49021		
1		0		49022		
1		0		49024		
1		0		49025		
1		0		49026		
1		0		49027		
1		0		49028		
1		0		49029		
1		0		49033		
1		0		49037		
1		0		49041		
1		0		49042		
1		0		49043		
1		0		49044		
1		0		49045		
1		0		49046		
1		0		49047		
1		0		49048		
1		0		49049		
1		0		49050		
1		0		49051		
1		0		49052		
1		0		49053		
1		0		49054		
1		0		49139		
1		0		49140		
1		0		49141		
1		0		49142		
1		0		49143		
1		0		49144		
1		0		49184		
1		0		49185		
1		0		49186		
1		0		49187		
1		0		49495		
1		0		49496		
1		0		49497		
1		0		49498		
1		0		49499		
1		0		49500		
1		0		49501		
1		0		49502		
1		0		49503		
1		0		49504		
1		0		49505		
1		0		49506		
1		0		49507		
1		0		49508		
1		0		49509		
1		0		49510		
1		0		49511		
1		0		49512		
1		0		49513		
1		0		49514		
1		0		49516		
1		0		49517		
1		0		49518		
1		0		49519		
1		0		49520		
1		0		49521		
1		0		49522		
1		0		49523		
1		0		49524		
1		0		49525		
1		0		49526		
1		0		49527		
1		0		49528		
1		0		49529		
1		0		49530		
1		0		49531		
1		0		49532		
1		0		49533		
1		0		49534		
1		0		49535		
1		0		49536		
1		0		49537		
1		0		49538		
1		0		49539		
1		0		49615		
1		0		49616		
1		0		49617		
1		0		49618		
1		0		49619		
1		0		49620		
1		0		49901		
1		0		49902		
1		0		49903		
1		0		49904		
1		0		49905		
1		0		49908		
1		0		49910		
1		0		49912		
1		0		49917		
1		0		49920		
1		0		49921		
1		0		49922		
1		0		49925		
1		0		49926		
1		0		49927		
1		0		49928		
1		0		49929		
1		0		49956		
1		0		49957		
1		0		49958		
1		0		49959		
1		0		49960		
1		0		49961		
1		0		49962		
1		0		50035		
1		0		50047		
1		0		50048		
1		0		50049		
1		0		50239		
1		0		50240		
1		0		50241		
1		0		50242		
1		0		50243		
1		0		50244		
1		0		50246		
1		0		50247		
1		0		50249		
1		0		50250		
1		0		50259		
1		0		50260		
1		0		50261		
1		0		50262		
1		0		50263		
1		0		50264		
1		0		50265		
1		0		50266		
1		0		50267		
1		0		50268		
1		0		50269		
1		0		50270		
1		0		50271		
1		0		50272		
1		0		50273		
1		0		50274		
1		0		50309		
1		0		50319		
1		0		50323		
1		0		50325		
1		0		50350		
1		0		50352		
1		0		50353		
1		0		50355		
1		0		50356		
1		0		50358		
1		0		50618		
1		0		50619		
1		0		50620		
1		0		50621		
1		0		50622		
1		0		50623		
1		0		50624		
1		0		50625		
1		0		50626		
1		0		50627		
1		0		50628		
1		0		50629		
1		0		50630		
1		0		50631		
1		0		50633		
1		0		50634		
1		0		50635		
1		0		50636		
1		0		50641		
1		0		50642		
1		0		50643		
1		0		50779		
1		0		50780		
1		0		50781		
1		0		50782		
1		0		50787		
1		0		50788		
1		0		50789		
1		0		50790		
1		0		50791		
1		0		50792		
1		0		50793		
1		0		50794		
1		0		50795		
1		0		50796		
1		0		50797		
1		0		50798		
1		0		50799		
1		0		50800		
1		0		50801		
1		0		50802		
1		0		50803		
1		0		50804		
1		0		50805		
1		0		50954		
1		0		50955		
1		0		50956		
1		0		50957		
1		0		50958		
1		0		50959		
1		0		50960		
1		0		50961		
1		0		50965		
1		0		50966		
1		0		51108		
1		0		51109		
1		0		51110		
1		0		51111		
1		0		51112		
1		0		51113		
1		0		51114		
1		0		51115		
1		0		51116		
1		0		51117		
1		0		51118		
1		0		51119		
1		0		51120		
1		0		51121		
1		0		51122		
1		0		51123		
1		0		51124		
1		0		51125		
1		0		51126		
1		0		51127		
1		0		51128		
1		0		51129		
1		0		51130		
1		0		51131		
1		0		51132		
1		0		51133		
1		0		51134		
1		0		51135		
1		0		51136		
1		0		51137		
1		0		51138		
1		0		51139		
1		0		51140		
1		0		51141		
1		0		51142		
1		0		51143		
1		0		51144		
1		0		51145		
1		0		51146		
1		0		51147		
1		0		51149		
1		0		51150		
1		0		51151		
1		0		51152		
1		0		51153		
1		0		51154		
1		0		51155		
1		0		51156		
1		0		51157		
1		0		51162		
1		0		51163		
1		0		51164		
1		0		51165		
1		0		51166		
1		0		51316		
1		0		51317		
1		0		51318		
1		0		51319		
1		0		51320		
1		0		51321		
1		0		51322		
1		0		51323		
1		0		51324		
1		0		51325		
1		0		51326		
1		0		51327		
1		0		51328		
1		0		51329		
1		0		51330		
1		0		51331		
1		0		51332		
1		0		51333		
1		0		51334		
1		0		51335		
1		0		51336		
1		0		51337		
1		0		51338		
1		0		51339		
1		0		51340		
1		0		51342		
1		0		51343		
1		0		51344		
1		0		51345		
1		0		51347		
1		0		51348		
1		0		51349		
1		0		51350		
1		0		51351		
1		0		51352		
1		0		51353		
1		0		51354		
1		0		51357		
1		0		51474		
1		0		51475		
1		0		51477		
1		0		51478		
1		0		51479		
1		0		51480		
1		0		51481		
1		0		51482		
1		0		51483		
1		0		51484		
1		0		51485		
1		0		51488		
1		0		51489		
1		0		51490		
1		0		51581		
1		0		51582		
1		0		51583		
1		0		51584		
1		0		51585		
1		0		51586		
1		0		51588		
1		0		51589		
1		0		51590		
1		0		51591		
1		0		51592		
1		0		51593		
1		0		51594		
1		0		51595		
1		0		51596		
1		0		51597		
1		0		51598		
1		0		51599		
1		0		51600		
1		0		51749		
1		0		51750		
1		0		51751		
1		0		51752		
1		0		51753		
1		0		51754		
1		0		51755		
1		0		51756		
1		0		51757		
1		0		51758		
1		0		51759		
1		0		51760		
1		0		51762		
1		0		51812		
1		0		51813		
1		0		51814		
1		0		51815		
1		0		51816		
1		0		51818		
1		0		51819		
1		0		51821		
1		0		51823		
1		0		51824		
1		0		51825		
1		0		51826		
1		0		51827		
1		0		51828		
1		0		51829		
1		0		51830		
1		0		51831		
1		0		51832		
1		0		51833		
1		0		51834		
1		0		51835		
1		0		51933		
1		0		51934		
1		0		51935		
1		0		51936		
1		0		51937		
1		0		51939		
1		0		51940		
1		0		51942		
1		0		51943		
1		0		51944		
1		0		51945		
1		0		51947		
1		0		51948		
1		0		51950		
1		0		51951		
1		0		51952		
1		0		51954		
1		0		51955		
1		0		51956		
1		0		51957		
1		0		51959		
1		0		52054		
1		0		52055		
1		0		52056		
1		0		52057		
1		0		52058		
1		0		52059		
1		0		52060		
1		0		52061		
1		0		52062		
1		0		52063		
1		0		52064		
1		0		52065		
1		0		52066		
1		0		52067		
1		0		52068		
1		0		52069		
1		0		52070		
1		0		52071		
1		0		52072		
1		0		52074		
1		0		52075		
1		0		52078		
1		0		52129		
1		0		52130		
1		0		52131		
1		0		52132		
1		0		52133		
1		0		52134		
1		0		52135		
1		0		52136		
1		0		52137		
1		0		52212		
1		0		52213		
1		0		52214		
1		0		52215		
1		0		52216		
1		0		52219		
1		0		52221		
1		0		52222		
1		0		52223		
1		0		52224		
1		0		52226		
1		0		52227		
1		0		52228		
1		0		52229		
1		0		52230		
1		0		52231		
1		0		52232		
1		0		52233		
1		0		52302		
1		0		52303		
1		0		52304		
1		0		52305		
1		0		52306		
1		0		52316		
1		0		52377		
1		0		52378		
1		0		52379		
1		0		52380		
1		0		52381		
1		0		52382		
1		0		52383		
1		0		52384		
1		0		52385		
1		0		52386		
1		0		52388		
1		0		52422		
1		0		52423		
1		0		52424		
1		0		52425		
1		0		52426		
1		0		52427		
1		0		52428		
1		0		52429		
1		0		52430		
1		0		52431		
1		0		52432		
1		0		52433		
1		0		52434		
1		0		52436		
1		0		52437		
1		0		52438		
1		0		52439		
1		0		52440		
1		0		52441		
1		0		52442		
1		0		52443		
1		0		52447		
1		0		52449		
1		0		52450		
1		0		52451		
1		0		52599		
1		0		52600		
1		0		52601		
1		0		52602		
1		0		52603		
1		0		52604		
1		0		52605		
1		0		52607		
1		0		52675		
1		0		52676		
1		0		52677		
1		0		52678		
1		0		52679		
1		0		52680		
1		0		52681		
1		0		52682		
1		0		52683		
1		0		52684		
1		0		52685		
1		0		52686		
1		0		52687		
1		0		52688		
1		0		52792		
1		0		52793		
1		0		52794		
1		0		52795		
1		0		52796		
1		0		52797		
1		0		52798		
1		0		52799		
1		0		52800		
1		0		52803		
1		0		52841		
1		0		52842		
1		0		52844		
1		0		52845		
1		0		52846		
1		0		52847		
1		0		52848		
1		0		52849		
1		0		52940		
1		0		52941		
1		0		53008		
1		0		53009		
1		0		53010		
1		0		53011		
1		0		53012		
1		0		53013		
1		0		53014		
1		0		53015		
1		0		53124		
1		0		53125		
1		0		53126		
1		0		53185		
1		0		53187		
1		0		53188		
1		0		53189		
1		0		53190		
1		0		53191		
1		0		53301		
1		0		53340		
1		0		53341		
1		0		53342		
1		0		53343		
1		0		53344		
1		0		53345		
1		0		53504		
1		0		53542		
1		0		53543		
1		0		53544		
1		0		53545		
1		0		53546		
1		0		53547		
1		0		53548		
1		0		53549		
1		0		53550		
1		0		53552		
1		0		53553		
1		0		53554		
1		0		53555		
1		0		53556		
1		0		53557		
1		0		53558		
1		0		53704		
1		0		53705		
1		0		53706		
1		0		53707		
1		0		53708		
1		0		53895		
1		0		53896		
1		0		53897		
1		0		53898		
1		0		53899		
1		0		53900		
1		0		53901		
1		0		53902		
1		0		53903		
1		0		53904		
1		0		53905		
1		0		53906		
1		0		53907		
1		0		53908		
1		0		53909		
1		0		53910		
1		0		53911		
1		0		54023		
1		0		54024		
1		0		54025		
1		0		54026		
1		0		54027		
1		0		54028		
1		0		54029		
1		0		54030		
1		0		54031		
1		0		54032		
1		0		54033		
1		0		54034		
1		0		54035		
1		0		54036		
1		0		54037		
1		0		54038		
1		0		54039		
1		0		54128		
1		0		54129		
1		0		54130		
1		0		54131		
1		0		54132		
1		0		54133		
1		0		54134		
1		0		54135		
1		0		54136		
1		0		54137		
1		0		54209		
1		0		54210		
1		0		54211		
1		0		54212		
1		0		54213		
1		0		54214		
1		0		54215		
1		0		54216		
1		0		54217		
1		0		54218		
1		0		54219		
1		0		54220		
1		0		54221		
1		0		54222		
1		0		54223		
1		0		54224		
1		0		54225		
1		0		54227		
1		0		54228		
1		0		54229		
1		0		54230		
1		0		54231		
1		0		54232		
1		0		54233		
1		0		54234		
1		0		54235		
1		0		54307		
1		0		54308		
1		0		54309		
1		0		54310		
1		0		54311		
1		0		54312		
1		0		54313		
1		0		54314		
1		0		54315		
1		0		54316		
1		0		54317		
1		0		54318		
1		0		54319		
1		0		54320		
1		0		54321		
1		0		54322		
1		0		54324		
1		0		54325		
1		0		54326		
1		0		54327		
1		0		54389		
1		0		54390		
1		0		54391		
1		0		54392		
1		0		54393		
1		0		54394		
1		0		54396		
1		0		54963		
1		0		54965		
1		0		54969		
1		0		54970		
1		0		54971		
1		0		54972		
1		0		54973		
1		0		54981		
1		0		54983		
1		0		54984		
1		0		54985		
1		0		54992		
1		0		54993		
1		0		54998		
1		0		54999		
1		0		55001		
1		0		55003		
1		0		55004		
1		0		55006		
1		0		55007		
1		0		55008		
1		0		55009		
1		0		55010		
1		0		55011		
1		0		55012		
1		0		55013		
1		0		55938		
1		0		56042		
1		0		56043		
1		0		56045		
1		0		56123		
1		0		56159		
1		0		56168		
1		0		56169		
1		0		56170		
1		0		56171		
1		0		56172		
1		0		56173		
1		0		56174		
1		0		56176		
1		0		56177		
1		0		56178		
1		0		56179		
1		0		56180		
1		0		56181		
1		0		56263		
1		0		56301		
1		0		56323		
1		0		56324		
1		0		56325		
1		0		56326		
1		0		56327		
1		0		56328		
1		0		56329		
1		0		56330		
1		0		56366		
1		0		56367		
1		0		56368		
1		0		56370		
1		0		56372		
1		0		56373		
1		0		56375		
1		0		56453		
1		0		56513		
1		0		56514		
1		0		56675		
1		0		56683		
1		0		56686		
1		0		56687		
1		0		56729		
1		0		56751		
1		0		56752		
1		0		56753		
1		0		56754		
1		0		56755		
1		0		56756		
1		0		56757		
1		0		56758		
1		0		56775		
1		0		56776		
1		0		56943		
1		0		56944		
1		0		56945		
1		0		56952		
1		0		56968		
1		0		56969		
1		0		56970		
1		0		57047		
1		0		57048		
1		0		57093		
1		0		57112		
1		0		57113		
1		0		57134		
1		0		57135		
1		0		57136		
1		0		57139		
1		0		57172		
1		0		57173		
1		0		57174		
1		0		57175		
1		0		57176		
1		0		57177		
1		0		57178		
1		0		57181		
1		0		57209		
1		0		57210		
1		0		57211		
1		0		57222		
1		0		57223		
1		0		57224		
1		0		57225		
1		0		57780		
1		0		57781		
1		0		57782		
1		0		57809		
1		0		57814		
1		0		57815		
1		0		57816		
1		0		57817		
1		0		57818		
1		0		57819		
1		0		57820		
1		0		57821		
1		0		57822		
1		0		57823		
1		0		57824		
1		0		57825		
1		0		57826		
1		0		57827		
1		0		57828		
1		0		57829		
1		0		57830		
1		0		57831		
1		0		57832		
1		0		57833		
1		0		57834		
1		0		57835		
1		0		57836		
1		0		57837		
1		0		57838		
1		0		57839		
1		0		57840		
1		0		57841		
1		0		57842		
1		0		57843		
1		0		57844		
1		0		57845		
1		0		57846		
1		0		57847		
1		0		57848		
1		0		57849		
1		0		57850		
1		0		57851		
1		0		57852		
1		0		57853		
1		0		57854		
1		0		57855		
1		0		57856		
1		0		57857		
1		0		57858		
1		0		57859		
1		0		57860		
1		0		57861		
1		0		57862		
1		0		57863		
1		0		57864		
1		0		57873		
1		0		57875		
1		0		57876		
1		0		57877		
1		0		57878		
1		0		57879		
1		0		57880		
1		0		57881		
1		0		57882		
1		0		57883		
1		0		57884		
1		0		57885		
1		0		57886		
1		0		57887		
1		0		57888		
1		0		57889		
1		0		57890		
1		0		57891		
1		0		57892		
1		0		57893		
1		0		57894		
1		0		57895		
1		0		57896		
1		0		57897		
1		0		57898		
1		0		57899		
1		0		57900		
1		0		57902		
1		0		57903		
1		0		57904		
1		0		57905		
1		0		57906		
1		0		57907		
1		0		57908		
1		0		57909		
1		0		57910		
1		0		57911		
1		0		57913		
1		0		57914		
1		0		57915		
1		0		57916		
1		0		57917		
1		0		57919		
1		0		57920		
1		0		57921		
1		0		57922		
1		0		57923		
1		0		57924		
1		0		57925		
1		0		57926		
1		0		57927		
1		0		57928		
1		0		57929		
1		0		57930		
1		0		57931		
1		0		57932		
1		0		57933		
1		0		57934		
1		0		57935		
1		0		57936		
1		0		57937		
1		0		57938		
1		0		57939		
1		0		57940		
1		0		57941		
1		0		57942		
1		0		57943		
1		0		57944		
1		0		57945		
1		0		57946		
1		0		57947		
1		0		57949		
1		0		57951		
1		0		57952		
1		0		57953		
1		0		57954		
1		0		57955		
1		0		57956		
1		0		57957		
1		0		57958		
1		0		57959		
1		0		57960		
1		0		57970		
1		0		57974		
1		0		57975		
1		0		57980		
1		0		57981		
1		0		57982		
1		0		57983		
1		0		57984		
1		0		57985		
1		0		57986		
1		0		58014		
1		0		58015		
1		0		58016		
1		0		58017		
1		0		58018		
1		0		58019		
1		0		58021		
1		0		58022		
1		0		58023		
1		0		58024		
1		0		58025		
1		0		58026		
1		0		58027		
1		0		58028		
1		0		58029		
1		0		58030		
1		0		58031		
1		0		58032		
1		0		58033		
1		0		58034		
1		0		58035		
1		0		58036		
1		0		58037		
1		0		58038		
1		0		58039		
1		0		58040		
1		0		58041		
1		0		58042		
1		0		58043		
1		0		58044		
1		0		58045		
1		0		58046		
1		0		58047		
1		0		58048		
1		0		58049		
1		0		58050		
1		0		58051		
1		0		58052		
1		0		58067		
1		0		58068		
1		0		58069		
1		0		58070		
1		0		58071		
1		0		58072		
1		0		58073		
1		0		58074		
1		0		58075		
1		0		58076		
1		0		58126		
1		0		58127		
1		0		58128		
1		0		58129		
1		0		58131		
1		0		58144		
1		0		58146		
1		0		58304		
1		0		58477		
1		0		58478		
1		0		58523		
1		0		58524		
1		0		59056		
1		0		59089		
1		0		59090		
1		0		59091		
1		0		59092		
1		0		59093		
1		0		59094		
1		0		59118		
1		0		59126		
1		0		59127		
1		0		59139		
1		0		59140		
1		0		59152		
1		0		59153		
1		0		59154		
1		0		59155		
1		0		59156		
1		0		59157		
1		0		59158		
1		0		59185		
1		0		59192		
1		0		59203		
1		0		59204		
1		0		59205		
1		0		59206		
1		0		59256		
1		0		59263		
1		0		59264		
1		0		59265		
1		0		59269		
1		0		59270		
1		0		59356		
1		0		59357		
1		0		59358		
1		0		59359		
1		0		59360		
1		0		59361		
1		0		59362		
1		0		59363		
1		0		59484		
1		0		59485		
1		0		59500		
1		0		59501		
1		0		59502		
1		0		59503		
1		0		59504		
1		0		59601		
1		0		59602		
1		0		59603		
1		0		59604		
1		0		59613		
1		0		59631		