1		0		39426		
1		0		39429		
1		0		39431		
1		0		39432		
1		0		39433		
1		0		39435		
1		0		39436		
1		0		39437		
1		0		39438		
1		0		39439		
1		0		39442		
1		0		39456		
1		0		39461		
1		0		39462		
1		0		39820		
1		0		40147		
1		0		40148		
1		0		40149		
1		0		40150		
1		0		40152		
1		0		40176		
1		0		40178		
1		0		40180		
1		0		40205		
1		0		40206		
1		0		40540		
1		0		40777		
1		0		40778		
1		0		40779		
1		0		40780		
1		0		40790		
1		0		40791		
1		0		40798		
1		0		41155		
1		0		41158		
1		0		41159		
1		0		41496		
1		0		41497		
1		0		41498		
1		0		41499		
1		0		41500		
1		0		41501		
1		0		41502		
1		0		41503		
1		0		41504		
1		0		41505		
1		0		41506		
1		0		41507		
1		0		41508		
1		0		41509		
1		0		41510		
1		0		41511		
1		0		41512		
1		0		41513		
1		0		41514		
1		0		41515		
1		0		41516		
1		0		41517		
1		0		41518		
1		0		41519		
1		0		41520		
1		0		41521		
1		0		41522		
1		0		41523		
1		0		41524		
1		0		41525		
1		0		41526		
1		0		41527		
1		0		41528		
1		0		41529		
1		0		41530		
1		0		41531		
1		0		41836		
1		0		41845		
1		0		41847		
1		0		42134		
1		0		42135		
1		0		42136		
1		0		42137		
1		0		42138		
1		0		42139		
1		0		42140		
1		0		42141		
1		0		42142		
1		0		42146		
1		0		42147		
1		0		42148		
1		0		42149		
1		0		42150		
1		0		42151		
1		0		42152		
1		0		42153		
1		0		42154		
1		0		42155		
1		0		42156		
1		0		42157		
1		0		42158		
1		0		42159		
1		0		42160		
1		0		42161		
1		0		42162		
1		0		42163		
1		0		42164		
1		0		42165		
1		0		42166		
1		0		42167		
1		0		42191		
1		0		42196		
1		0		42427		
1		0		42449		
1		0		42453		
1		0		42455		
1		0		42456		
1		0		42457		
1		0		42460		
1		0		42760		
1		0		42761		
1		0		42762		
1		0		42763		
1		0		42764		
1		0		42765		
1		0		42766		
1		0		42767		
1		0		42768		
1		0		42769		
1		0		42770		
1		0		42771		
1		0		42772		
1		0		42773		
1		0		42774		
1		0		42776		
1		0		42777		
1		0		42778		
1		0		42779		
1		0		42780		
1		0		42781		
1		0		42782		
1		0		42783		
1		0		42784		
1		0		42785		
1		0		42786		
1		0		42790		
1		0		42806		
1		0		42807		
1		0		43035		
1		0		43037		
1		0		43040		
1		0		43042		
1		0		43063		
1		0		43064		
1		0		43065		
1		0		43066		
1		0		43067		
1		0		43068		
1		0		43070		
1		0		43072		
1		0		43073		
1		0		43074		
1		0		43075		
1		0		43076		
1		0		43077		
1		0		43343		
1		0		43344		
1		0		43345		
1		0		43346		
1		0		43347		
1		0		43348		
1		0		43349		
1		0		43350		
1		0		43351		
1		0		43352		
1		0		43353		
1		0		43354		
1		0		43355		
1		0		43356		
1		0		43357		
1		0		43358		
1		0		43361		
1		0		43406		
1		0		43612		
1		0		43614		
1		0		43615		
1		0		43616		
1		0		43650		
1		0		43651		
1		0		43652		
1		0		43653		
1		0		43654		
1		0		43655		
1		0		43656		
1		0		43657		
1		0		43658		
1		0		43659		
1		0		43660		
1		0		43661		
1		0		43662		
1		0		43663		
1		0		43664		
1		0		43946		
1		0		43947		
1		0		43948		
1		0		43949		
1		0		43950		
1		0		43951		
1		0		43952		
1		0		43953		
1		0		43954		
1		0		43955		
1		0		43956		
1		0		43958		
1		0		43959		
1		0		43960		
1		0		43961		
1		0		43964		
1		0		43965		
1		0		43978		
1		0		44239		
1		0		44258		
1		0		44259		
1		0		44260		
1		0		44262		
1		0		44263		
1		0		44264		
1		0		44265		
1		0		44266		
1		0		44267		
1		0		44268		
1		0		44269		
1		0		44270		
1		0		44271		
1		0		44272		
1		0		44273		
1		0		44274		
1		0		44275		
1		0		44276		
1		0		44277		
1		0		44278		
1		0		44279		
1		0		44280		
1		0		44281		
1		0		44282		
1		0		44283		
1		0		44284		
1		0		44285		
1		0		44286		
1		0		44287		
1		0		44288		
1		0		44289		
1		0		44290		
1		0		44291		
1		0		44292		
1		0		44293		
1		0		44294		
1		0		44295		
1		0		44501		
1		0		44502		
1		0		44503		
1		0		44504		
1		0		44505		
1		0		44506		
1		0		44507		
1		0		44508		
1		0		44509		
1		0		44510		
1		0		44511		
1		0		44512		
1		0		44513		
1		0		44514		
1		0		44515		
1		0		44516		
1		0		44517		
1		0		44518		
1		0		44519		
1		0		44520		
1		0		44521		
1		0		44522		
1		0		44523		
1		0		44524		
1		0		44525		
1		0		44547		
1		0		44548		
1		0		44549		
1		0		44550		
1		0		44551		
1		0		44552		
1		0		44793		
1		0		44794		
1		0		44795		
1		0		44796		
1		0		44797		
1		0		44798		
1		0		44799		
1		0		44800		
1		0		45068		
1		0		45069		
1		0		45070		
1		0		45071		
1		0		45072		
1		0		45073		
1		0		45074		
1		0		45075		
1		0		45076		
1		0		45077		
1		0		45078		
1		0		45079		
1		0		45080		
1		0		45081		
1		0		45082		
1		0		45083		
1		0		45134		
1		0		45364		
1		0		45366		
1		0		45369		
1		0		45370		
1		0		45371		
1		0		45373		
1		0		45377		
1		0		45378		
1		0		45380		
1		0		45381		
1		0		45382		
1		0		45383		
1		0		45384		
1		0		45645		
1		0		45646		
1		0		45647		
1		0		45648		
1		0		45649		
1		0		45650		
1		0		45651		
1		0		45705		
1		0		45706		
1		0		45948		
1		0		45949		
1		0		45950		
1		0		45951		
1		0		45952		
1		0		45953		
1		0		45954		
1		0		45955		
1		0		45958		
1		0		45959		
1		0		45960		
1		0		45961		
1		0		45962		
1		0		45963		
1		0		45964		
1		0		45965		
1		0		45966		
1		0		45967		
1		0		45968		
1		0		45969		
1		0		45970		
1		0		45971		
1		0		45972		
1		0		45973		
1		0		46371		
1		0		46372		
1		0		46378		
1		0		46379		
1		0		46380		
1		0		46621		
1		0		46624		
1		0		46625		
1		0		46626		
1		0		46627		
1		0		46628		
1		0		46629		
1		0		46630		
1		0		46631		
1		0		46632		
1		0		46633		
1		0		46634		
1		0		46635		
1		0		46636		
1		0		46880		
1		0		46881		
1		0		46991		
1		0		47059		
1		0		47212		
1		0		47213		
1		0		47214		
1		0		47215		
1		0		47216		
1		0		47217		
1		0		47218		
1		0		47219		
1		0		47220		
1		0		47221		
1		0		47273		
1		0		47388		
1		0		47532		
1		0		47533		
1		0		47534		
1		0		47650		
1		0		47658		
1		0		47819		
1		0		47985		
1		0		47986		
1		0		47987		
1		0		48069		
1		0		48365		
1		0		48366		
1		0		48367		
1		0		48368		
1		0		48369		
1		0		48370		
1		0		48371		
1		0		48372		
1		0		48373		
1		0		48374		
1		0		48375		
1		0		48376		
1		0		48377		
1		0		48378		
1		0		48379		
1		0		48380		
1		0		48381		
1		0		48382		
1		0		48383		
1		0		48384		
1		0		48385		
1		0		48386		
1		0		48388		
1		0		48389		
1		0		48390		
1		0		48391		
1		0		48392		
1		0		48393		
1		0		48394		
1		0		48395		
1		0		48396		
1		0		48397		
1		0		48398		
1		0		48470		
1		0		48738		
1		0		48740		
1		0		48742		
1		0		48743		
1		0		48744		
1		0		48747		
1		0		48748		
1		0		48749		
1		0		48750		
1		0		48752		
1		0		48753		
1		0		48801		
1		0		48802		
1		0		49030		
1		0		49031		
1		0		49032		
1		0		49034		
1		0		49035		
1		0		49036		
1		0		49038		
1		0		49039		
1		0		49040		
1		0		49041		
1		0		49042		
1		0		49044		
1		0		49045		
1		0		49046		
1		0		49055		
1		0		49056		
1		0		49057		
1		0		49058		
1		0		49059		
1		0		49061		
1		0		49062		
1		0		49063		
1		0		49064		
1		0		49065		
1		0		49066		
1		0		49067		
1		0		49068		
1		0		49069		
1		0		49070		
1		0		49071		
1		0		49072		
1		0		49073		
1		0		49074		
1		0		49181		
1		0		49182		
1		0		49515		
1		0		49540		
1		0		49541		
1		0		49542		
1		0		49543		
1		0		49612		
1		0		49613		
1		0		49614		
1		0		49615		
1		0		49616		
1		0		49617		
1		0		49618		
1		0		49619		
1		0		49906		
1		0		49907		
1		0		49908		
1		0		49909		
1		0		49910		
1		0		49911		
1		0		49913		
1		0		49914		
1		0		49915		
1		0		49916		
1		0		49918		
1		0		49919		
1		0		49923		
1		0		49924		
1		0		49930		
1		0		49931		
1		0		49932		
1		0		49933		
1		0		49934		
1		0		49935		
1		0		49936		
1		0		49937		
1		0		49938		
1		0		49939		
1		0		49940		
1		0		49941		
1		0		49942		
1		0		49943		
1		0		49944		
1		0		49945		
1		0		49946		
1		0		49947		
1		0		49948		
1		0		49949		
1		0		49950		
1		0		49951		
1		0		49952		
1		0		49953		
1		0		49954		
1		0		49955		
1		0		49963		
1		0		49964		
1		0		49965		
1		0		49966		
1		0		49967		
1		0		49968		
1		0		49969		
1		0		49970		
1		0		49971		
1		0		49972		
1		0		49973		
1		0		49974		
1		0		49975		
1		0		49976		
1		0		50044		
1		0		50045		
1		0		50046		
1		0		50245		
1		0		50248		
1		0		50251		
1		0		50252		
1		0		50253		
1		0		50254		
1		0		50255		
1		0		50256		
1		0		50257		
1		0		50258		
1		0		50275		
1		0		50276		
1		0		50389		
1		0		50390		
1		0		50636		
1		0		50637		
1		0		50638		
1		0		50639		
1		0		50644		
1		0		50645		
1		0		50646		
1		0		50647		
1		0		50648		
1		0		50649		
1		0		50650		
1		0		50651		
1		0		50652		
1		0		50653		
1		0		50654		
1		0		50655		
1		0		50656		
1		0		50657		
1		0		50658		
1		0		50659		
1		0		50660		
1		0		50661		
1		0		50662		
1		0		50663		
1		0		50664		
1		0		50665		
1		0		50666		
1		0		50667		
1		0		50668		
1		0		50669		
1		0		50670		
1		0		50671		
1		0		50672		
1		0		50673		
1		0		50674		
1		0		50809		
1		0		50962		
1		0		50963		
1		0		50964		
1		0		50967		
1		0		50968		
1		0		50969		
1		0		50970		
1		0		50971		
1		0		50972		
1		0		50973		
1		0		50974		
1		0		50975		
1		0		50977		
1		0		50978		
1		0		50979		
1		0		50980		
1		0		50981		
1		0		50982		
1		0		50983		
1		0		50984		
1		0		50985		
1		0		51174		
1		0		51355		
1		0		51356		
1		0		51357		
1		0		51358		
1		0		51359		
1		0		51360		
1		0		51362		
1		0		51363		
1		0		51364		
1		0		51365		
1		0		51366		
1		0		51367		
1		0		51368		
1		0		51369		
1		0		51370		
1		0		51371		
1		0		51372		
1		0		51373		
1		0		51374		
1		0		51375		
1		0		51376		
1		0		51377		
1		0		51378		
1		0		51379		
1		0		51380		
1		0		51381		
1		0		51382		
1		0		51383		
1		0		51384		
1		0		51385		
1		0		51386		
1		0		51387		
1		0		51388		
1		0		51389		
1		0		51390		
1		0		51391		
1		0		51392		
1		0		51393		
1		0		51394		
1		0		51395		
1		0		51396		
1		0		51595		
1		0		51601		
1		0		51602		
1		0		51603		
1		0		51604		
1		0		51605		
1		0		51606		
1		0		51607		
1		0		51608		
1		0		51609		
1		0		51610		
1		0		51611		
1		0		51612		
1		0		51613		
1		0		51614		
1		0		51615		
1		0		51616		
1		0		51617		
1		0		51618		
1		0		51619		
1		0		51620		
1		0		51621		
1		0		51622		
1		0		51623		
1		0		51624		
1		0		51625		
1		0		51626		
1		0		51627		
1		0		51628		
1		0		51629		
1		0		51630		
1		0		51631		
1		0		51632		
1		0		51633		
1		0		51634		
1		0		51635		
1		0		51636		
1		0		51637		
1		0		51836		
1		0		51837		
1		0		51838		
1		0		51839		
1		0		51840		
1		0		51841		
1		0		51842		
1		0		51843		
1		0		51844		
1		0		51845		
1		0		51846		
1		0		51847		
1		0		51848		
1		0		51849		
1		0		51850		
1		0		51851		
1		0		51852		
1		0		51853		
1		0		51854		
1		0		51855		
1		0		51856		
1		0		51857		
1		0		51858		
1		0		51859		
1		0		51860		
1		0		51861		
1		0		51862		
1		0		51863		
1		0		51864		
1		0		51865		
1		0		51866		
1		0		51867		
1		0		51868		
1		0		51869		
1		0		51870		
1		0		51871		
1		0		51872		
1		0		51873		
1		0		51874		
1		0		51875		
1		0		52070		
1		0		52072		
1		0		52073		
1		0		52074		
1		0		52076		
1		0		52077		
1		0		52079		
1		0		52080		
1		0		52081		
1		0		52082		
1		0		52083		
1		0		52084		
1		0		52085		
1		0		52086		
1		0		52087		
1		0		52088		
1		0		52089		
1		0		52090		
1		0		52091		
1		0		52092		
1		0		52093		
1		0		52094		
1		0		52214		
1		0		52216		
1		0		52217		
1		0		52218		
1		0		52219		
1		0		52220		
1		0		52221		
1		0		52222		
1		0		52225		
1		0		52234		
1		0		52236		
1		0		52237		
1		0		52238		
1		0		52239		
1		0		52240		
1		0		52241		
1		0		52242		
1		0		52243		
1		0		52244		
1		0		52245		
1		0		52246		
1		0		52247		
1		0		52387		
1		0		52389		
1		0		52390		
1		0		52391		
1		0		52392		
1		0		52393		
1		0		52394		
1		0		52395		
1		0		52396		
1		0		52397		
1		0		52398		
1		0		52399		
1		0		52401		
1		0		52402		
1		0		52403		
1		0		52606		
1		0		52608		
1		0		52609		
1		0		52610		
1		0		52611		
1		0		52612		
1		0		52613		
1		0		52614		
1		0		52615		
1		0		52616		
1		0		52617		
1		0		52618		
1		0		52797		
1		0		52798		
1		0		52801		
1		0		52802		
1		0		52804		
1		0		52805		
1		0		52806		
1		0		52807		
1		0		52808		
1		0		52809		
1		0		52810		
1		0		52811		
1		0		52812		
1		0		52942		
1		0		53126		
1		0		53127		
1		0		53128		
1		0		53129		
1		0		53130		
1		0		53131		
1		0		53132		
1		0		53133		
1		0		53134		
1		0		53135		
1		0		53136		
1		0		53137		
1		0		53138		
1		0		57450		
1		0		57458		
1		0		57461		
1		0		57464		
1		0		57465		
1		0		57466		
1		0		57467		
1		0		57469		
1		0		57471		
1		0		57472		
1		0		57473		
1		0		57474		
1		0		57475		
1		0		57476		
1		0		57477		
1		0		57479		
1		0		57482		
1		0		57484		
1		0		57485		
1		0		57489		
1		0		57494		
1		0		57495		
1		0		57497		
1		0		57499		
1		0		57500		
1		0		57501		
1		0		57502		
1		0		57503		
1		0		57504		
1		0		57505		
1		0		57506		
1		0		57507		
1		0		57508		
1		0		57509		
1		0		57510		
1		0		57511		
1		0		57514		
1		0		57518		
1		0		57519		
1		0		57521		
1		0		57522		
1		0		57524		
1		0		57525		
1		0		57526		
1		0		57527		
1		0		57529		
1		0		57530		
1		0		57533		
1		0		57534		
1		0		57535		
1		0		57536		
1		0		57537		
1		0		57538		
1		0		57539		
1		0		57540		
1		0		57541		
1		0		57542		
1		0		57543		
1		0		57544		
1		0		57545		
1		0		57546		
1		0		57547		
1		0		57548		
1		0		57549		
1		0		57550		
1		0		57551		
1		0		57552		
1		0		57553		
1		0		57554		
1		0		57555		
1		0		57556		
1		0		57557		
1		0		57562		
1		0		57563		
1		0		57569		
1		0		57580		
1		0		57601		
1		0		57602		
1		0		57603		
1		0		57604		
1		0		57605		
1		0		57606		
1		0		57613		
1		0		57614		
1		0		57615		
1		0		57618		
1		0		57619		
1		0		57622		
1		0		57623		
1		0		57624		
1		0		57626		
1		0		57631		
1		0		57632		
1		0		57633		
1		0		57634		
1		0		57635		
1		0		57636		
1		0		57637		
1		0		57638		
1		0		57640		
1		0		57641		
1		0		57642		
1		0		57643		
1		0		57644		
1		0		57645		
1		0		57646		
1		0		57647		
1		0		57648		
1		0		57649		
1		0		57650		
1		0		57651		
1		0		57652		
1		0		57653		
1		0		57654		
1		0		57655		
1		0		57656		
1		0		57657		
1		0		57658		
1		0		57659		
1		0		57660		
1		0		57661		
1		0		57662		
1		0		57663		
1		0		57664		
1		0		57665		
1		0		57666		
1		0		57667		
1		0		57668		
1		0		57669		
1		0		57670		
1		0		57671		
1		0		57672		
1		0		57673		
1		0		57674		
1		0		57675		
1		0		57676		
1		0		57677		
1		0		57678		
1		0		57679		
1		0		57680		
1		0		57681		
1		0		57682		
1		0		57683		
1		0		57684		
1		0		57685		
1		0		57686		
1		0		57687		
1		0		57690		
1		0		57691		
1		0		58056		
1		0		58143		
1		0		58194		
1		0		58251		
1		0		58252		
1		0		58330		
1		0		58331		
1		0		58334		
1		0		58335		
1		0		58336		
1		0		58337		
1		0		58338		
1		0		58339		
1		0		58343		
1		0		58344		
1		0		58345		
1		0		58346		
1		0		58347		
1		0		58348		
1		0		58349		
1		0		58350		
1		0		58351		
1		0		58352		
1		0		58353		
1		0		58354		
1		0		58355		
1		0		58356		
1		0		58357		
1		0		58358		
1		0		58359		
1		0		58360		
1		0		58361		
1		0		58362		
1		0		58363		
1		0		58364		
1		0		58365		
1		0		58368		
1		0		58370		
1		0		58372		
1		0		58374		
1		0		58375		
1		0		58379		
1		0		58380		
1		0		58381		
1		0		58382		
1		0		58383		
1		0		58384		
1		0		58385		
1		0		58386		
1		0		58387		
1		0		58388		
1		0		58389		
1		0		58390		
1		0		58391		
1		0		58392		
1		0		58393		
1		0		58394		
1		0		58395		
1		0		58396		
1		0		58397		
1		0		58398		
1		0		58399		
1		0		58400		
1		0		58401		
1		0		58402		
1		0		58403		
1		0		58404		
1		0		58405		
1		0		58406		
1		0		58407		
1		0		58408		
1		0		58409		
1		0		58410		
1		0		58411		
1		0		58412		
1		0		58413		
1		0		58414		
1		0		58416		
1		0		58417		
1		0		58418		
1		0		58419		
1		0		58420		
1		0		58421		
1		0		58422		
1		0		58423		
1		0		58424		
1		0		58425		
1		0		58426		
1		0		58427		
1		0		58428		
1		0		58429		
1		0		58430		
1		0		58431		
1		0		58432		
1		0		58434		
1		0		58435		
1		0		58436		
1		0		58437		
1		0		58438		
1		0		58439		
1		0		58440		
1		0		58441		
1		0		58442		
1		0		58443		
1		0		58445		
1		0		58446		
1		0		58447		
1		0		58448		
1		0		58449		
1		0		58450		
1		0		58451		
1		0		58452		
1		0		58453		
1		0		58454		
1		0		58455		
1		0		58456		
1		0		58457		
1		0		58458		
1		0		58459		
1		0		58460		
1		0		58461		
1		0		58462		
1		0		58463		
1		0		58464		
1		0		58465		
1		0		58466		
1		0		58467		
1		0		58468		
1		0		58469		
1		0		58470		
1		0		58471		
1		0		58472		
1		0		58473		
1		0		58474		
1		0		58475		
1		0		58476		
1		0		58477		
1		0		58478		
1		0		58479		
1		0		58480		
1		0		58481		
1		0		58482		
1		0		58483		
1		0		58484		
1		0		58485		
1		0		58486		
1		0		58487		
1		0		58488		
1		0		58489		
1		0		58490		
1		0		58491		
1		0		58492		
1		0		58493		
1		0		58494		
1		0		58495		
1		0		58496		
1		0		58497		
1		0		58498		
1		0		58499		
1		0		58500		
1		0		58501		
1		0		58503		
1		0		58504		
1		0		58505		
1		0		58506		
1		0		58507		
1		0		58508		
1		0		58509		
1		0		58510		
1		0		58511		
1		0		58512		
1		0		58513		
1		0		58514		
1		0		58515		
1		0		58516		
1		0		58517		
1		0		58518		
1		0		58519		
1		0		58520		
1		0		58521		
1		0		58522		
1		0		58525		
1		0		58526		
1		0		58527		
1		0		58528		
1		0		58529		
1		0		58530		
1		0		58531		
1		0		58532		
1		0		58533		
1		0		58534		
1		0		58535		
1		0		58536		
1		0		58537		
1		0		58538		
1		0		58539		
1		0		58540		
1		0		58541		
1		0		58542		
1		0		58543		
1		0		58544		
1		0		58545		
1		0		58546		
1		0		58547		
1		0		58548		
1		0		58549		
1		0		58550		
1		0		58551		
1		0		58552		
1		0		58553		
1		0		58554		
1		0		58555		
1		0		58556		
1		0		59128		
1		0		59129		
1		0		59130		
1		0		59131		
1		0		59132		
1		0		59134		
1		0		59135		
1		0		59136		
1		0		59137		
1		0		59138		
1		0		59208		
1		0		59209		
1		0		59631		
1		0		59632		